-1.465847830877033	2.6565287911984123
1.4095095046747568	-0.03778131065615248
-0.8016655993339522	1.29972897206279
0.9319823480844196	3.0493339748369404
-0.4570827291854644	2.989148914711945
-0.19302687776940847	0.45835287926822255
0.6521667897708379	-0.26652285895931926
-0.8435008014871926	3.239604121937629
1.6585492603499934	0.334294035017297
-0.48652592524734695	2.366053085804456
0.06558898468836048	1.4011204985430141
0.6504750913036257	1.049245297077126
0.9945601739609561	-0.5849808441577291
-1.469253413937412	2.0774898728012596
-0.44987769816508855	0.4520781760042709
0.9975440006123777	0.8092342268890171
1.3079376228207675	0.3186413384377368
-1.9435761679063182	2.423666849902432
1.0329233728120315	-0.14046974564974002
-0.7527350639786153	-0.012919428755083118
0.2816611765192984	2.651262631511793
0.24772004799029126	1.2508182580457803
0.5468255983645924	1.3244323204371151
-0.7303145445252205	3.919356225026525
0.13621271997727555	0.6581102897382848
-0.4428831781357355	0.7776720227048847
0.5924499678160537	0.6425994055535604
1.0115544640024987	0.882717593555876
1.7588008018215546	-0.11243038997798202
1.0340764785548908	0.10489195183928063
-0.33911309388904454	1.271972255467501
-1.6034751308525887	2.2290617925549125
1.5808843398112191	0.25221919999209497
1.3633580555957963	-1.0962912549711212
0.10485454639770939	0.8401357063335233
1.4945793311043467	-0.012226258300200493
0.13591646755437134	0.5085197731027029
1.1216803344635602	2.4450863107156753
-0.32607167001557663	1.6952469972038466
1.4922923760205946	0.3143091853605968
0.1009613764915615	1.216634709928504
0.21510515978691774	-0.7896211900065262
0.6483676346754179	0.7710254487266911
1.5432475077855736	-0.4610712759739458
-1.6082236198534556	3.1226865572348164
-0.1389151181509032	2.28175612102344
1.10167129404773	-0.2462825506039269
-0.38696958277413973	0.581790898274094
1.7662431428916374	0.10753513640965384
-0.4016403134582715	2.559533466770305
-0.38042391681650173	1.0013883684178673
-0.3314087167104093	3.4876208745469865
-0.9043154037256638	0.8111304613805272
0.48465156911296137	1.2438395500662036
-2.029324103380218	0.550314229574087
0.32969740314630597	-1.4787922323774378
-0.7539612633243024	2.438443911690595
-0.7588907097327123	3.479027134902862
-0.45733456489705404	-0.45369345571620245
-0.8521451793771582	1.277145596683747
1.5634785661445492	0.045005229565288477
1.254362787342577	0.6910074952068588
-0.14676648570446427	0.5711394361017753
-0.1612146885833889	2.335291730453144
0.4967684941830021	2.4603649237067846
-1.8320825557170946	1.3354632666793234
-0.5807764625973785	1.2826036088589174
0.3084310952857492	-0.43658481443318187
0.8297146150358351	-0.2092371689357736
-0.7188525189760138	1.236796725757644
-0.8085325864842007	2.5102210954912345
0.43189241133073797	1.1345484851773886
-0.2799163156716311	0.6405170396820595
-0.09840408194682271	2.3346670420854574
-0.3859242964401123	2.2184815311971438
-1.6855929421819646	3.111076555660892
0.9282209854592461	1.4537269587018917
0.597181252059933	0.0627765822070997
-0.7035301418514792	0.20072548615662478
1.4410460107133265	0.03957374434693381
1.486111011935427	0.30388311030380266
0.3725067378633729	0.7531091552763682
0.18210443349739075	1.085002331742373
-0.22909236354765808	1.7332118866043025
0.39966641185748203	0.35829366960932396
-1.0020769442519246	2.3559575336333114
0.16977786354153956	0.6548088675220098
-0.8794019637636401	1.2710235850730949
0.3163121888686513	2.246992847729171
0.15938358972964384	2.2805770957043343
0.4845361637715514	0.8420157652570066
-0.15696353498417565	1.2975973356041153
-0.056333266378623854	-0.3276800419860997
1.42974379341229	0.714758172523249
-0.351623695599795	2.2353645390880454
-0.11111598168800477	1.1245802868184016
-1.74740327411167	2.2995596917505035
1.1129662513664769	0.08131064645122082
-0.6821393048949321	1.979679296645903
0.003050989986738446	-1.553991050434019
-0.2566545257053727	0.45156252066621927
-0.22844186299586183	0.851688974501292
0.497400812529268	1.3833956673666454
-1.054747966138244	2.9842409665836946
-1.2125395253347873	1.4118948336921608
1.5835156212802761	0.18885701586700743
-0.3013493092667553	1.5705432437557314
0.4033601040939115	2.6588987481640265
0.41817680968803717	1.11867936624285
1.0759974279644904	0.12519710940066536
-0.663921076829916	2.3656092364457484
1.0316579809401287	1.8276777411564349
-0.6289732445285173	3.198147343688068
-0.37743608314737814	1.4544906779737334
-0.20812413806141974	-0.31510295047706594
-0.5174818911222057	1.276026519018684
-0.6614401481171992	1.484985386597409
-0.18976132646414492	1.4418136392092111
-1.3960148588535055	2.5019643745660605
-0.5114699270403923	3.0427126733841305
1.1250669702656455	0.44667942186168114
-0.5402214957313206	1.7324680972372426
0.6221377506837111	2.539116732134339
-1.7068864273358986	3.137617450061734
0.5155023930178599	1.2704155734954938
0.13564843844626673	2.1191131677180928
-1.3220412287621033	1.398321686546785
0.7161538427858617	-1.1907634065306973
-0.5892418772735171	1.0756749768163685
1.5040929960916916	0.9546991548938786
-0.9767165446630769	2.9293175185504037
0.6460053791602185	-0.01743577639091687
-0.5773625560132503	1.1636445240205737
0.9772741723106633	-0.4054023630953246
0.07332210031898893	2.0187284548893487
-0.4822448458972469	2.7783334420137473
-1.8239091944329096	2.63071726170746
0.7828490687392368	0.2194816049757144
1.0942796646045725	0.928504468421407
2.1098493441353763	-2.0720688779038934
-2.047850899355666	1.9902351585459825
1.5800014028582132	-2.360871637855466
-1.6612959536588887	3.4893797838840612
-0.07600196144182664	2.9480489329501283
0.24984861449465812	0.9656577064423384
0.9583093285721102	-0.5888227614992967
1.42452953734073	0.32352517399631264
1.2453309617427704	-1.0476584429378601
-0.19929421979045062	1.6539914950006864
0.5871743348411614	0.35445206590738015
0.7817394651917732	2.334486493607235
-0.7144263962330699	2.4950607413407067
-0.5175674641566228	1.633330509076417
-0.05963144257499341	1.5111345532332146
-0.39424663359310125	1.1434228651376008
-1.6253923164001185	3.0831179036051237
2.035313282758345	-1.1080971240521444
-0.38203244328015157	1.988220898440876
0.6248207777913837	1.666767802386692
0.6346310755189747	1.1100591147511305
-0.007536830777285072	2.9022280553496476
-1.4543612351555606	1.9792470294607183
-0.1978518514145579	0.9065567790277222
-0.7668592864693132	0.5491438518289862
-0.6100475618035032	1.5899617498942615
-0.6594242080539776	2.9231169776674863
-1.1266747463947122	1.2535749421678115
-1.2221819728578514	3.4484208917985786
-0.7187086902262579	0.7381422031145044
0.2625363717754056	2.6650261640672226
-0.28083195325682103	3.4602330022905745
-1.9543567033266565	2.6605343686031406
-0.04481098253411348	2.1823852698973876
-0.16887073339647826	1.6587878396179634
0.34996716030546327	2.2287089110783125
-1.346082367690777	2.3865347666737935
2.374594530988284	-0.16233348647535395
-0.16712043103484192	-0.6567911663453849
1.092032524393108	0.06797342852017169
-1.863407027069491	1.6631674094078537
0.4849853607335444	-0.10557283480376212
0.2545755983275357	0.5164736881565214
2.5671332927179242	-0.9581486983179622
-1.35485577822244	4.0478097702158395
-0.013941501002450054	1.403991084710869
-1.0132914976818157	0.8193587703637462
0.6880845925824743	0.5775041838254795
1.1577882466208507	0.2694574909958948
0.25555039205416835	2.886058520814983
0.8657763216488413	1.1874902523730966
0.48049438157621005	0.4772298622581261
-0.6348111640169097	1.0762250237340967
0.06489472488945652	1.2132094624947953
-0.08873733510429412	0.28561685299220363
0.8817368911077837	0.8965809389908306
-0.47281323437216943	1.6434403247377414
1.0954942858613255	2.403383749540227
2.213744744373042	-0.19629188791663982
0.5134771340327784	0.21160074632006032
1.585503309575687	0.18831256458314688
-0.696071070470228	2.064367167918309
0.36939120716391777	0.7079576731834036
-1.3061506966415273	1.742267985624363
0.8529160747684165	0.520766097423198
1.788834584289025	-0.5949056155322737
0.8300591045325212	1.6851382409325284
-0.18990859472647353	0.48511754278434016
0.04681272560723469	1.4022722872869764
-0.8020858804031713	1.835908611691706
0.574693984214526	0.9799021587388606
0.38676628625222886	-0.547045114746119
-1.8221548233611087	1.8159498700976102
1.23025112276028	-0.37884941301539743
1.3346261740954504	0.4055976733989416
0.439668354261588	-0.007297145626659507
0.5088595051074982	0.2870891246346672
-1.669877651838366	1.6079558504500189
0.07263985030410117	0.06843363487329723
0.46060436440350777	0.7743183480723704
0.715071214423174	-0.47005053270326447
2.409661841460131	-1.0876784927464445
1.1938506261258663	0.5653765083425655
0.6677665005964848	2.515025657485065
-1.2054186764342971	2.1471208929115373
2.3625661874168538	-0.08016926145203251
-0.42962323955679127	3.029997605214147
1.2202526709126624	-0.7949059653783878
-0.10096742565276029	1.198442100471044
-0.023188594821618006	1.0688372609363388
-0.21473941345894407	1.7480873209375642
0.10052863353419769	2.1229168304082364
1.4565081820997106	-1.189213202610146
1.1273171789447718	0.6853728743252168
0.36633400452070725	0.09048757456101386
-0.608790533138897	0.9818438381054517
-0.8451965788227013	0.005706763747429733
-1.5581476064829043	2.908373699867214
-1.737598256545787	1.2461903605917493
-0.3231064691924541	1.9669642445159374
0.3538741942663147	2.0314831528823403
-0.47424936959145203	2.261433068046523
-1.3889565245008064	4.485027757908073
0.899716817747615	-0.028553898000166833
-0.10209804323226318	1.1983289903545777
-0.4161875303112956	0.8833296225144296
-1.230595641121992	2.580058737557453
0.19010776285441877	0.7294733417648568
0.34153971426502355	0.8450273164457951
2.237020163477696	-0.23140574199635497
-0.6442343108328521	1.3197346457566557
0.8513278519572753	1.5107439125013242
-0.19339105702131945	1.040497387953752
-1.0298582005102834	2.6301340952750003
0.6539478460477486	0.6695071259060665
-1.6404022032679515	2.813899088204729
0.429740973131816	1.335229117812335
1.1470385949318285	0.10882029641515722
-0.21418007035967804	1.402081914032485
-0.372210429219945	1.9239150430471226
0.5206716994426815	-0.8615329188069201
0.44555507633417124	0.0346349731823169
0.7678362975279805	-0.0789483276841716
0.09169813101376444	0.021514879156201427
-0.844869691351839	0.6240490500675446
0.6831653972900127	0.1969989830546991
1.3397739382193348	0.09263222437355789
0.6506540109635004	1.3540826691397556
0.04369463294670768	1.056992855120869
0.33865294454884953	1.5049236540248634
1.4448742790131544	0.8809433093542935
2.11049787036496	-1.8358967775233292
2.56268591813061	-1.3795063081837826
0.849265437529037	-0.13155072170914228
0.8877397232182315	1.107266048447606
1.402870872255115	1.5144568378370222
-0.542085384202413	1.4583970484612931
0.6634118301180755	-0.6336720055541447
1.5240571731475618	0.23655568178911138
-0.409581316395997	3.0891321596394423
-0.0057388103621172784	2.2003133651741296
-0.21900355833728938	3.0258781309429486
-1.4947159769434646	1.0842038350451533
-0.04526503498221047	0.047193002662998085
1.8931127328937183	-0.4403798393820138
-0.9302481128221513	2.516896026526774
0.6989583424298923	1.6239335214477113
-1.7557758064438218	1.6952474275243539
-0.8514938897818156	1.5938551339118026
-1.7070047324905533	1.616519639285315
-0.05216125810948845	0.5375488401402588
-1.2954809450534672	2.737619547616034
0.027645382726672493	2.6549573037492076
1.0968622890698825	0.8145452699376678
0.649312621114854	0.8883127159093362
2.5682487560204477	-0.004652680968730616
-0.3251674079443613	3.4609066084927753
0.649341806926754	2.225647907406204
-0.939269300201062	1.7392146102638413
1.350635092479426	-0.7693570981137571
-0.8428104913445504	1.525371575056917
-0.2168028768052308	1.9105434591515627
0.679948361122099	0.11493146659925357
0.4022265742535672	-0.2821281443777306
1.2040635547833873	0.24145696852317144
-0.18904448204860105	1.5489063655927886
-2.434130521013743	1.6497835160475356
0.1442702338320069	1.323853448337479
-0.45429464946181713	2.4754350521899724
-1.086241015702926	3.0235218857714803
2.4197623257527523	2.553597031126612
2.4142674678713587	-1.0462839232727081
-0.12524060507556936	0.5481205160913099
0.23747583798235658	1.8334582337154068
-0.45702458885817904	1.4068845271159445
-1.0615305236471455	0.9133163029089595
-0.9333082754394102	0.30584659008388737
0.8325963861359095	-0.18843007551612578
2.7090337293893674	-0.04442764386543563
0.4975952692685846	0.14992685210270518
-0.19760449906554112	1.208009353419761
0.4462185214980548	1.117718231807579
0.7693745428619589	-0.7546283875335109
0.5697570245328637	1.1432370008043042
-0.07870101983103928	0.5499012036764832
-0.667235418751839	3.8434742442973793
0.1432150150561284	2.0000011121588495
0.5714199441642437	2.035291909899813
-0.8057980224102093	0.08083762707309106
-0.26018591111743594	0.9122742880470698
-2.0059243142675913	2.08945971780377
1.051129616671482	2.238504336084448
-0.3473001854399653	2.2422669426532242
0.5395667358316109	1.6287407365718634
-1.2642842507581158	1.2598214803691405
0.16756312249823915	-0.6008951335075885
-0.8918446107669613	5.296775041408445
0.19358580911462028	0.6340475831982781
0.5188621812334059	-0.8466298997229462
0.43914504648718955	-0.8661247559249303
0.1964485763464049	1.4322938611500828
-0.5374915930628509	-0.03684147659892956
0.3915838800843494	0.2301437253195091
0.24415308798328217	-0.1716278460454479
-0.45460655497555563	0.9050321340897777
-0.8831708856037578	1.6697263983900987
-0.031670786008365676	0.1854216094975405
0.5497203692880197	0.23631560050381228
1.6635608223496796	2.172554412321701
0.34365013787589843	3.410447941340263
-0.051699516136977486	2.345004089984979
-0.7387101153766888	0.2371283214119959
0.8902090658353718	-0.08538245884899931
0.8480733748011816	0.290644373432176
-0.6238922398066131	2.0139890686825193
1.6823642683510707	-1.2242511121721342
0.5283039932832515	0.4400358269168865
-1.0611867090015161	1.2560353651428113
0.02408040746625492	0.28615809084590627
1.7691670529086072	-0.3378341060365223
0.030696338501150423	1.2610938569607675
-0.22583877355590773	3.155768400849137
0.7628513689440929	1.1118420385569365
-0.7067401401451188	2.942737351247966
0.2502173908788074	0.5426794890123358
-0.4373703736904587	0.953772622482427
0.20738961242799195	0.6306431533873
-0.9236655176738712	2.928234329981704
-1.5854111755681046	1.3885266015820679
0.003941850373954891	1.8481979533039332
0.5323876481939518	0.177291289173093
0.4864401671129993	-0.778750128529387
-1.4465088133025543	1.968504068078177
0.8034642864429744	0.5455776840723839
-0.26924430663262233	1.5618018201640358
0.5373360754376642	1.4240915451140688
0.8093030202529725	0.9326617396199892
1.0568479735150627	1.6889225903378247
-2.325737327606408	1.8431778089277928
0.02223030989402194	0.5659465106646757
-0.24129308776674288	1.1831979835147342
-0.766021763499917	0.6285450444045582
-0.3280070294915063	1.8111143489355657
0.6274350846727885	-0.06582194985998824
-1.2664800601474144	3.4343963179373915
-1.5231693728644244	3.4286098216132905
-0.28137198665645713	-0.3617185767123403
0.129336356852037	2.8536238014407864
0.0623280729052064	1.5716818010110973
0.5610029813933202	1.228401000086255
-0.20828241911257195	2.3168560867162356
-1.8028547845760023	2.9476579045009395
-0.3715367799231779	2.6671018776004916
0.5676113143242864	-1.1078962528814345
0.6070528076962682	2.0744965554271495
-1.1562030002359815	2.0714446299428424
0.6646730954560635	0.5948306095489084
0.7408333181589032	-1.772397073766105
-0.8320603578722254	1.523174321764166
-0.03455990371358992	-0.07492539372677909
0.12396744700533402	1.7809553826701043
0.13923783435606193	1.2844599020595928
-1.438242480150536	1.2832209439956852
1.1558783572725009	0.4245534959574269
-1.9565747115688337	2.5980337558492828
0.7591731513362889	1.5454951590097363
-0.4482983065276286	1.816687335522663
0.20388607866319106	-0.4130640697528052
0.9312975893667759	1.5120666540842147
0.5225184372188807	0.33433251354133164
-1.4545020094561985	1.1081910750436923
1.4926508072278293	-0.23249744780520692
1.274156723713183	0.7201797095013662
-0.0785581355522847	0.8227112579144072
-0.5983641644657485	1.4473159889172058
0.5587422854979713	0.9774892924704806
0.8973868536920687	1.3995138796692599
0.9201636513821508	0.36802110463745463
0.6967426839322657	2.0994183878619133
0.8960847217165536	-2.589741026506184
-0.05821007181852162	2.0881701661661336
-0.6391137657572575	4.220356436173254
0.4904846975268785	3.392936342169624
1.522515291053793	-0.6764424371792881
-1.3388790057080542	0.41277097840229726
-0.31577678945739085	1.2316581960286068
-0.04610086838922666	1.4312691561496491
-1.0499649410318368	1.8363979845832443
0.8055020615643746	1.3483235121442951
1.2267822340894226	-0.8681615087809056
-0.09240247864601737	1.7869810436561817
1.3952295126072625	0.12004900770331911
0.6633319815619491	1.4276598352257188
-0.8027429794203065	1.6792961372841655
-0.08567415600241592	0.8241119786789066
0.6936771834339822	1.4663105463258748
-1.1121498040580136	2.9552846123860577
2.394081850204377	-0.2806844833263602
-1.0607711762536025	2.0203280970155117
-2.347146932915215	1.677670949175995
-0.4175236484207112	2.272642190153817
0.28910468533352446	0.8211644972416119
0.31735920224949066	0.457969218960833
0.6442275407781068	0.5264610593885275
-0.6099347981989475	1.7304839019647285
0.3619417456349582	2.8752433337674512
-1.51137690980662	4.045417809263317
0.714909078037025	0.3532979809542122
0.7500367831409468	1.7005908458257364
-0.1156204434007294	0.6485566340887454
0.6679434791023345	1.9752875270728056
-0.8484579986766759	1.4540496703838786
-0.30124236873322835	2.1821869403436915
-1.1468773265079386	3.4506939665597463
-0.05695327388642031	1.3547933557416663
-1.2925247549490992	2.950837622300277
-0.9613781994883339	1.4047963965653714
1.9972387100889544	-1.3314676827179643
-0.022066357371589265	1.0444467085430689
0.8358604587893861	2.531851993672844
0.7317752398766382	2.4449234458254465
0.7351148275064934	-0.11871862123357713
0.16341945981783695	0.7478182432251812
-0.2521353912816648	1.630341913803888
-2.0163861256717652	2.0203989076864683
1.0845171716327087	-1.0356107159860497
-0.22202428075700237	3.098667413092498
-0.45967553966550356	1.3637850305838481
-0.9339753169831587	1.4440633624973307
-1.1595695364364405	1.421095655651198
0.8442871174864996	0.4407030175985167
-0.5454159973842319	1.9909605834607111
-2.1520749999446362	3.6262046361817366
1.4525381775558812	0.9015275558506312
2.09200015746298	-1.1406404753275412
-0.12734990334032828	2.07388031177679
-1.4348677592258512	0.20800679870953598
0.677876269036793	1.5819179338920397
-0.6891053544644928	0.2972765395845236
-0.41795896124687365	2.1732857095160965
-1.7007311000977632	3.435077307429475
-0.47028799072700406	1.3722760081011818
-0.3525470548184571	2.406381527799125
-1.1719731485339047	1.3813264859322836
1.1327147250246103	0.9449630643941366
0.2818619210032457	1.2532937147702186
1.3695508267964125	-1.7624736070093614
-0.3861185103691853	3.2994082839591625
1.3570743347984167	0.9106112818850429
0.8757939138652255	1.3997091245978939
0.4732212660817834	0.187768445394617
-0.2569758611830676	1.604818775477504
1.0083257276786268	1.2529568037222303
0.7332041649311123	0.15200671663936516
-1.319851867949814	1.7958941589787973
-0.8921212608696389	0.5121594508589602
-0.9440894826634653	3.0025713671178256
-0.8050964687046748	0.570658763010023
0.9781964902274324	0.559153798159842
0.2318375416030661	1.9061865409080532
0.656490981092917	0.5328640328060947
0.4443351698068141	-2.404954602734853
1.357917641592305	1.0224203608684626
-0.32829704153190425	0.3665392658983706
-0.6939416378945887	2.096153707795816
0.19352551640300328	1.2369101630451524
0.5826683699624204	0.25015021956914407
0.2628002704403849	0.8900419862805371
1.163816512666537	1.819722930587175
-0.5591923709008236	1.5554693663821169
0.6926802503558157	1.2769030691266188
0.7842735061734631	2.2621783226715366
1.5589265124540215	0.06401823909394491
-0.043894680420418386	1.8851559950926617
1.3112720085588154	-0.9195004075156958
1.2673221982156266	-0.34868452746225775
-0.44719518640084344	2.550006882468111
-0.24554382391704055	-0.8197949354288787
0.43928695931100625	1.7286418199776694
-2.154092597391194	1.9141480142534033
-1.5241887803839926	1.9264336668090682
0.028955532883889544	-0.3828002504801771
-0.4337256592567881	1.1463178370607765
0.9290908799418849	0.4363980008693805
-1.8610698246673931	1.6853563202056407
-0.33165454419947155	1.1229088012460142
-0.3629649825880155	2.3439246195894516
0.8118045971302513	-0.001996466652873341
-1.4524418000664263	3.0798052824604634
-1.847379033350529	2.752887772381633
-0.12392017830199123	2.1595288595864477
-0.0005753663213969535	0.26018736584531055
0.4803151340599381	0.9696526803753973
0.625850658117667	1.1783646644983041
-0.21091530495395502	2.137343794787791
-0.7828722607141629	3.291695131508094
-0.14210281805765193	0.9979639279450503
-0.2621911203966449	-0.4124111273714297
1.0968309260008409	0.6574274979867066
-1.3313354883554869	0.47890803577137775
1.3077232539177874	0.42560543723112676
0.9953570970911152	0.22320599035227506
-0.5991896194412758	3.580294954014534
0.11373392138142256	0.5404602687307316
2.763955599033891	-0.4270148562450512
0.20359347903211797	0.6581382952901029
1.170595395965985	1.3805957778905213
0.021680295119032987	2.0545534659765923
-0.264595593550941	1.5293949036669183
-0.7651875679614483	-1.9584003886729047
-0.2804573173173958	1.898751589318584
0.6296038457175792	0.14683645088889963
-0.4867622291659805	0.979022308981636
0.549827637732214	1.1020076635126785
-1.3609590200914983	2.203239191666679
0.14099973941944885	0.4221964015702111
-0.6677267525297624	2.2334614101304324
-0.7352487148324409	3.192835785684811
0.18280872993683922	1.2095807772397378
1.5943296542628178	1.6882543217601798
-0.3114364829501138	-0.5695810077464722
0.8574986581066353	-1.0971182730925386
-0.7052281054745655	0.804059578580341
-1.0445498219875569	2.5497915494163745
1.0320783302332905	1.4235456877665738
-1.721989950559587	2.169057347707988
-1.1877653565929702	2.745094980226324
2.3806196335875187	-1.5324231067167797
0.7829156530485395	0.700854612444272
-0.18402573161108104	2.582821859662932
0.8521185430787525	-2.6283803823134857
-1.9494989983005844	2.7190504939763738
0.6136546227023156	1.651911105381453
2.458898149454662	-1.1352853785589052
-0.16405502180268453	1.500724388712024
-0.5946431824472579	-0.12664792614838305
-1.4384718583046803	4.195814753444521
0.9247416646517546	0.47888125057554876
-0.17936962259523312	1.4164767395465576
1.0997874690014364	0.00883400636327697
0.059791594054974515	1.3876612205955876
1.0252347210544233	1.8115065318393655
-0.9084772815335284	0.48865811009140114
-1.1812164139791397	2.512911874591647
0.863571068958303	-0.44882300443775924
0.25372471323316764	0.5571170380440207
0.02479740688459183	3.288057330559818
0.9243111962630769	0.8671181349252068
0.48905891386295786	-0.534568482974306
-0.20450386512473745	0.7523188339897366
-0.09589310922333752	1.0083964877099407
0.907404641894921	1.0166755215001526
-0.17903105793695615	1.7234802827739315
1.951946150882913	0.40710892819955324
-1.2424509634748506	3.9129951106776844
-0.011745958489733144	1.673278016948057
0.5889329613313746	1.1919916563741404
1.3491826075893736	-0.2705483521605292
-0.12298326792065725	-0.11875012227741988
-0.8451381122230902	1.9941106344500648
1.2730811424278443	-1.2995771362588897
0.08132117409261716	1.9627273523559434
0.38297580283699845	1.4923008627078365
-0.3480276842117604	2.4237039903720836
-1.9278151469841331	2.663567976135129
0.8803076550542214	0.8475158430435467
0.001263268620837491	0.7481091298742527
0.9800789601322193	0.8690558180139494
0.8592163476036059	1.244270003475699
-0.6214252362116348	1.3527473670872465
0.7145273477540067	1.3562208913512532
1.126209789695236	1.0635994086110396
0.14034539487767744	1.0978407271885897
0.2180596292547583	2.787029838491711
1.124439656114416	0.5218331282882335
1.1514892260286163	0.5184911974799463
-0.20085038147231085	1.6480462086265355
0.7693445561881312	0.015350771608600655
0.18786298875118915	1.780500659283538
-0.6720075647680301	2.978646222048167
-0.25763984102290105	0.7022901407807198
0.11943935713142685	1.466076920992073
0.029618018569027314	0.4272355902025047
-0.17563066832553262	2.3711660615013352
-1.376884568643666	2.6257594156994624
-0.19934503136812845	2.9894261694686346
0.0551725947059622	-0.06992806074914615
1.069263913804361	-0.45363087964263527
0.7753016235935878	1.7052125754593472
0.6021273801752691	0.8144650788475314
0.31964830422869633	1.7772797545824455
-1.3122439429834214	1.4803984748702947
-0.8834212785363049	4.628503829874788
-1.7003100247402823	3.5188706115452
-0.2038636374405535	1.8192162911481575
-1.4564389108581457	4.039768806845561
0.28946281380687533	0.6892111601370594
0.3026409967664276	-0.10041047066800046
-0.8445322968707712	0.7847206310891297
0.9713463929729341	0.12560170667724807
0.29033934504667996	1.6784950909052716
1.4747963430721964	0.10404797241547406
-0.4371779498871929	1.4738666512046257
2.2242669879303283	-1.448254119580879
-0.5600064335045423	1.7509369315501615
-1.6537052054750194	1.9904492643734493
0.644360319927532	0.9675340606955507
0.6661569275879962	0.5485903053458494
-0.3394622675614444	2.1960238812182666
-0.5176365361913365	1.8944790964019829
1.1377876041598667	1.1780894111565399
-0.7697402560827298	1.1584805713833486
-0.37089484415505625	0.60461077383653
-0.3343200792731805	2.499330226877537
1.5584933430064412	-0.5581950830910313
-0.0944937397356304	2.253224022677151
-0.3644680845946917	1.9041554660859954
0.562404572695144	1.5817424582879143
0.7381187492605294	1.345002942409871
0.07294446604972468	2.6910723432413506
-0.4565529944411795	0.8714105454355794
0.2909089890867276	1.5154135058167433
0.12615189598048612	1.5890651745489337
-1.0730271210325673	1.3891973689209443
0.6429595430887808	0.42440762047415886
-0.05696647800363775	0.8246523906660699
0.12714440970744242	0.7918799568656031
-0.5737334140034087	0.9827186950206434
-0.45055932375347946	0.7164845987505772
1.3076191999993658	0.2885066235126631
0.1351891303936023	-0.6105627101941233
-0.3034623422530364	2.3873828447312153
0.26607311280800067	-0.19744891221046346
0.2830439326193177	2.5083299691580496
-1.396455843434863	1.2716867405991263
-1.406506561091342	1.2813870430345737
-1.5371092109918363	3.818750275967428
0.7380069048633991	1.0837470362359707
-0.20074753067200402	1.5818277937690637
-2.618525693710777	2.3116178227286666
-0.49569049729150194	2.364828453118054
0.39454180152611984	3.0464151560478903
1.2110908442065773	1.9622463362709262
0.002054784236300025	2.3454747119069226
1.8579380023557805	-0.8722683278965343
1.4632372184552564	-1.3324066520525453
0.31228476962889895	1.4975697677892195
0.8484824979107118	0.7381597317975742
-0.37745672701831284	2.3111162660356124
-0.35400709921608164	1.2683180525916524
1.9033514433470236	0.42949107816889254
1.668761928357266	0.3000713059278674
-1.3723531359712904	1.8720403534366028
2.2299243010198064	-0.08784877148852327
-1.1897816548195732	2.6843340742535036
1.7704512701623385	-0.3148044930868091
1.0044972692892034	0.6591885618370711
0.6181374369748962	-0.1391011752930602
-0.7710580933473211	1.3614221295876596
-0.6912797191625514	3.13664434078546
-0.8600034163798914	2.612223054079687
-1.6697721366926914	2.540882984479985
-0.31930736217701694	0.49135938191076733
-1.5457291811431628	2.1906763596965977
-1.8814228186676374	0.5563630828825255
0.5622779227322213	4.148425728445476
1.071150188688894	-1.8982750298749842
0.1504908900254577	0.43977049428876636
-1.6982369886273987	3.561500667681254
0.8000740399854209	-0.3548974434872312
-2.662911065264946	3.610661918409762
-0.025859454858456924	0.716222810510249
0.43023246712948077	2.267932273142593
0.99174530027948	0.14044075794183647
-1.807184313640927	1.8295240892803608
-0.09942422029977921	1.4596403536881728
-1.083342668470379	1.9283718934606968
-0.08044104077854355	2.3441355778852593
-0.5638473743630801	0.49956973298248264
0.041544403131387735	3.220699052953502
-1.1268700140883245	2.0453036105012767
1.031511139836611	2.519907657250802
0.10132695437778183	1.0390786042214548
-0.31457878189167504	1.9567865467538588
0.49121238162195874	1.1422866728789416
-0.04791304222237207	0.46658838273976033
0.7612573280830196	2.5216637654589915
-0.5657120172109751	0.012258683543417526
0.1800779408441394	0.5298371537252468
0.4033270247423996	2.8595431189027405
0.5478962486967902	0.5629612505315884
-0.09711775510484524	-0.2944650884890605
0.699405809345943	-0.816135033933919
0.3227555678191348	-0.33212869916398446
-0.6836824099435403	1.8298983068415877
0.14736794598110325	-0.5999474860032716
-0.7815373619550057	1.9369706427082374
-0.36464953357175756	2.445492051031704
-1.8589493854030732	-0.027553205670897363
0.30491947414692816	2.264233552770495
0.754018121942067	2.298211946610166
1.316612370230174	-2.397352246705078
0.32467873315900575	2.3995189110050514
-0.7183630556687202	1.6072167827220765
0.34612892193058414	1.2657055896647325
0.18231718116173756	0.6494918090331352
-0.25333578685809516	2.7632259126335823
-0.9886753492653797	2.0977933064191605
-0.42023230953438573	-0.194216707789576
-1.4732610329240725	1.263471844450941
-0.13718119687601188	2.1069184407317754
0.9283395697744127	0.7994036160087933
-0.7001484019168205	1.5047150306928105
-0.10855363589350371	0.7576610194351762
1.2819124387668375	-0.8623098051674578
-0.4183624370418838	1.586226847926062
-0.6151337639307547	1.8905846278027465
1.4392938946044933	1.957745774302457
-1.45897904003837	2.6778062640769185
-0.3457529882101472	2.2694972209525606
-0.25706120127374105	2.4035087965771798
-0.3774009208777253	2.2161558079354577
-0.9977536291640853	3.284432291627374
-0.1911544090817	2.023980177900025
0.6169872783485928	3.2737579037922377
0.055153638104180065	1.9823085382383634
-0.26383202267105593	-0.4609489942243836
0.09838271398097911	2.0598761459006907
-0.920019693575597	2.320321564104616
-0.28265247166787816	2.6102564380023656
0.48849907367384254	1.59483405817885
-0.8277716627061396	2.0093477654888487
-1.0185991895525732	2.2043108436703944
0.4932403063672392	0.4900588198169086
-0.15373951738602398	0.5962037525929219
-0.6533525396994976	2.177390608613373
-0.5562776583292602	-0.41324315485733476
-0.7637935893402563	0.6915051167379724
-0.02709242086156714	2.504422759277555
1.8338980988170017	-0.06824154018181161
-0.730818976928011	1.1114724699880845
-0.052965794888302546	1.7162833236966546
-0.516708083383845	2.806492870104789
-1.4178295153652354	2.3806270309147846
-0.6689236340808206	1.4198947917823865
1.4019209801376635	-0.16956486449188363
0.8721989525723386	1.3261467508663922
-0.945980410434548	2.065931994028673
1.4978214453894565	-0.05690978080873513
0.04770434999673949	-0.03308744975507283
-2.078584870887026	2.0032155052041127
-0.4055485415554459	1.0472209935568226
0.7113382465102664	2.7426774230336917
0.3532883874363869	2.011813084304647
0.09074388037827595	-0.1900484522434649
-0.18070835202739627	3.2200180091259085
0.7482500440511297	-0.41052124848758487
-1.2836765884965369	0.8808114300253029
-0.9458120042890953	1.563107146092734
0.6730402635734628	1.4930928524841414
-1.7571712273326652	3.2395233801800036
0.9849697020196789	1.3120994806620616
0.4150253487698602	1.8018588142312937
-1.8168722390604688	1.2050035140958983
-0.4012335582279433	2.353424969153408
0.59376096751459	-0.7431036252785613
-0.8823324985439434	2.700539253987254
-0.290561480704168	2.603691707513917
-0.3643097016930878	1.2384912696452068
-0.20885752191910095	0.9332411761175119
-0.6098851798747726	1.103795948051734
0.7484137348725627	1.2222806814570197
-1.293394613510062	1.0658663310643905
0.429940344255424	-0.21027091048722313
-0.20344509116880244	1.8056438059525028
-0.7152985183314496	2.4629675028540627
0.3773639781699959	-0.5098189688613228
0.008649954095832418	-0.07781269015269565
1.2265193783599444	0.827345959751087
0.7833415558357553	2.3687588388377234
0.1867018890171325	0.039160315202427354
-0.7092013776798052	3.4867710655151587
-0.7843515362482936	3.628030201085698
-0.6953593846299283	1.1914708669855205
-0.0440526467932267	1.82707037514273
1.016242931882833	0.205364629829547
-0.7706974721873423	1.2018317800758913
0.3688391386255344	0.9852090649802285
-1.7865037004051374	1.7158985084433995
-0.0532831899735962	2.1790464637332496
0.6322403060776401	0.10078505921804126
-1.1345391663343838	2.782720066770731
-0.6440791862892595	0.3051586539904878
0.05402523940845002	1.9840937115927957
0.30013166755862536	0.8809018841837669
-0.9436448695218772	1.159798258007505
-0.1595481290766746	1.109288299483435
1.043729824388028	0.2242346050773012
-0.3193119618111077	-0.17583572877140607
2.4430426353976524	-2.9729755472417283
0.4370025431531839	-0.49623261242993166
-0.3272680435281478	0.16868100399595232
1.5819528045694908	0.3648155027266995
-2.4397135967506562	2.22097977013048
-1.1053371909738976	2.051365498908962
-0.6376293743296613	1.5116512859647395
2.85027261129927	0.7106172001415934
-1.5346595390722153	2.8220639379331853
1.2884492591384054	-0.8404132286683954
-0.4118159488786076	1.047961892322217
-0.1089677722720191	0.6153122365209781
0.6928973309311156	-0.5420309487102762
-0.3470081597289253	0.19217066033948838
-0.7052720893944493	0.45685665562614197
-0.43990761668011247	0.32394945826261323
-2.1244057228070004	1.07562718055162
-1.7019603631944702	1.9212788497314486
-1.6008002015121912	2.1954333553913994
-1.1507579321821202	2.1212420404605186
0.9618426086952304	0.378004997293035
-0.3890980213846507	1.6108500023690857
-0.2616715696079663	0.3290804076562812
0.07615878894560735	0.39527078308478525
0.054525131724008497	1.8596671043541955
1.358075206537777	2.0930565317919485
-0.4355853448028681	0.6543464045112217
0.4061089344711204	0.9436795626776044
-1.6180618462206653	2.368817452733634
-1.8218471933705074	1.3791487351998104
-0.57714267756277	0.8647491083810336
-1.5369547779727257	2.109934320008367
-1.289619795318421	3.815847151133297
-0.2220222889167441	1.900859584279135
-0.14651232551331428	-0.13676706816236406
-0.7582925800090772	0.6719372080842494
-2.1466080633872138	1.6148521330988044
-0.17056305817194464	1.8068558403305908
-3.0195559166439305	4.677936483915225
-0.42739702029206206	3.165296066942387
0.655459547345261	-0.8624228522117892
0.6745136751706698	-0.9735560533473284
-0.2692418558124125	0.678809675047342
-1.391570517601437	1.5746284301163893
0.0767238045589875	1.8399051674652203
-1.0234353315951081	2.096855973462233
-0.8301814199428493	1.1427541288226424
1.3280125282332755	0.4033290554240997
1.580551891713641	0.9155427645255267
1.6887202807599822	1.3759573425838965
0.8683243166568965	-1.209417707472229
-0.45702435346037534	3.032907959193685
0.7343394976479825	-1.273224995860087
0.6629852851788061	3.732294888701623
0.4846619745399833	0.02903000211881046
0.3579207193406705	0.984171955323727
0.0130663862816813	1.0293008495682354
0.04256383293699936	1.043362591860407
-0.5426677189269438	0.9709479587534219
0.9214314995688889	0.05422478688251675
-1.0631778142655048	1.4260642584692829
-0.19460979145388188	1.3296541045232124
-1.3333078617934624	1.1840522270862655
-2.3564707962289724	3.252962230321391
0.7558134184822385	1.1432389496768074
-0.6125068503764571	1.6089287444484195
0.49186393576568216	0.002093663058111872
-0.5512508625444521	1.1019289801017975
-0.8029060922709725	1.4128878250982697
-0.31362423154083574	1.718038263720335
-0.11095744509284025	1.430293401402534
-0.657656908318611	1.610807468967887
-0.734557099293656	1.782356657305611
-0.5846620889506692	1.5176770436677778
0.18053187543669805	2.433765905474547
0.8883706419362007	-0.14474476101195533
-0.37462629228389177	2.8864652763587735
0.7560361783714791	2.211715502182881
-0.4942819381716505	1.0973319414459612
-0.4548659773193698	2.911576609835607
-0.5051124200052021	2.0963473007733917
0.35108347094477166	0.593337775410937
0.30943973537186337	0.7221093138948551
-0.41373650480338825	3.0862765156883585
1.392506815175559	-0.5105045715954609
-0.09994038563339995	0.06272951878171984
1.6874311370893191	0.49704745701716524
-0.3795210572349563	0.8229723801465955
0.167668608802226	2.1568799300195494
1.9429912585589433	-0.25021240465278644
-0.8022862310541136	0.47089945641837616
0.43442729844080247	1.806506328905325
-0.29657140588941305	0.4428718449238602
1.6819445082699664	0.6076167988886356
0.4103298000703759	1.6624273034010955
-0.6686120557115763	1.3938230071752569
-0.8103756382717909	2.3322613743524006
1.0040428740794067	2.373809865523207
-1.6047247877826096	2.1344690284916825
0.8281538423156749	1.0388174854256707
0.3383854960782088	0.18335957043382245
-0.7074764379070614	1.276758284054035
0.10241245555267221	1.6511656138267319
-2.6334865211914837	4.918900604696962
-0.3681934986054884	1.834087094139613
1.163411494547574	1.7556312969880763
-1.378080637053223	1.8788576965723136
-0.16697420843818966	2.542842071190992
-0.7114119469188063	0.2997092965461856
1.7212745369603528	-0.29511066403709274
-0.2124491460481921	2.0305206216090066
0.6871781617332202	1.6018186719264407
1.9945004976335157	0.8886160851068734
1.51986499035207	0.2556232140487239
0.99028828521084	0.37836950651907153
-1.7181143418354607	2.12984087783808
-1.4796315484553482	0.8783260836606723
-0.34507934054038863	1.4593385132828567
0.45210933379584417	0.4458206217131161
0.48819205674227056	1.925558964685608
-1.6558563523792158	1.6088351670979577
0.09032130478152661	-0.2910590169421494
0.19498792822737354	1.7033263699037189
1.1174808934013385	-0.8496614609808806
0.7084681265063093	-0.15967980339407128
0.5640387420886829	1.2997472367605432
0.002146134581988401	0.5025127870066699
-0.39936575334317725	2.186729242887707
-1.6129849243464978	3.153360164218536
0.46636988278904434	2.0761771355610783
0.3333924038753152	3.38753313820699
0.6946199976391397	-0.19543688485423127
0.9819795329907617	0.0006375444307795686
-0.5359958412808169	3.1409542833705264
-0.32471222468409044	1.7380999091414326
0.7577160811541394	2.0687375190339576
-0.05882054544928511	0.397865910803303
-0.14916884854360793	1.9162787779638775
0.28671027009854627	1.2640433180360902
0.14553290599989074	3.6688078851479267
1.485336502625288	-0.8054534895579702
0.1559348583105081	0.7012279263181505
0.7179598315721489	-0.03431552931581394
0.7187531260726288	0.13868620410883092
-1.3936666367261503	1.6863463848053446
0.5801230166851654	-0.2485658091967522
0.341917418974872	1.6099323763459095
0.24644515313994675	2.575531162830929
-0.7198953904152042	3.2397733257338883
0.40547238357250404	-0.01516655407609957
0.5799284132435417	1.622729989910359
0.6412433478531903	1.7491519295714881
-0.07010217729613152	0.8982565145167505
0.32423130390492205	1.1817514073667297
0.6895822316427556	1.923890805463659
-0.21412013004497693	1.1776139837740875
0.531357201020024	1.0490783327268813
-0.9492127578074631	1.802375037389622
-0.6442157492843533	2.288287132082907
-1.242577823842443	2.8931590054516954
-0.6490419722301591	2.4354120985462826
-0.6393915391604083	2.9726436667385787
-0.27277130404626315	1.2890963941176288
1.462900690717246	-0.6927348355027382
1.1507645678895881	0.007156522116996633
2.4888100400721287	0.0060958680279654676
1.1012682004176975	1.7214639008037496
-0.012826257364910833	-0.2555653939988467
0.9536928902148187	0.5250432603707571
-0.3132615804399163	1.2174847621820202
2.1283850758323264	0.4480919375708019
0.01629010455720437	0.19704091540444812
0.5999191890906324	3.31447268239629
1.2419502455484062	1.0840773816906237
0.7366135134249409	1.8295064816746556
-0.5893137448716833	2.248617051126723
-0.9239064079445198	1.8882189521010353
1.3462582466583854	-0.04761620302937647
0.10895722731624237	4.107157479382267
-0.18146825971898328	1.1862064366266258
0.18879798644215323	0.07674842876044008
1.660529042503924	0.8667361922531381
-1.0052222998780787	2.8867442285781726
0.612006920737311	0.7948203755969697
-0.38210172810521165	1.5519128715405044
0.5722047689178857	0.8359947731326713
2.051041376518326	-0.0062080808763038675
-0.32476948866423355	3.6282466460683276
0.8340683031126322	-0.21098903304233352
-0.4713242911283367	0.3553889802492447
-0.6671913052009741	1.5568360424587822
-1.3395501605115687	3.1266519072261243
0.0736808055279129	0.8991404292748195
-1.049027846105795	3.1060159954587947
0.7180404409882766	0.5384504358353291
1.6254505456612693	-1.0551433912217032
1.1108531584070156	1.4469258960188605
1.164846912791867	-0.21142610771748482
-0.19966718685155638	3.60674947000107
2.094399522588379	-2.2130867962532283
1.793769786314175	-1.6980096838762493
0.21499215145426842	0.7659430455391392
-0.0994667309726655	1.9781015722851962
1.1764308812024642	1.0193826072824472
0.08864784902844655	2.234303402709335
1.0890444568089988	0.7781953162292734
0.14907923836175724	0.5534400078115933
0.07524259941283325	2.2258191807489744
-0.9900420611635015	3.6456844870517937
1.9559706388876503	1.1784917651896936
0.25379736767961636	0.0004350840077902429
1.1314729309253844	0.9245208394972063
-1.68920648762224	2.5774914146165004
0.9694010057466627	0.1917666465815524
-1.96763656711264	3.278408394569736
-1.4673285705714632	2.9926750371885555
0.4356750609410141	2.269813895834448
-0.6850234537274081	3.7406351966044467
1.439297502971344	0.9733278838495864
1.9794860390066844	0.7890402768328166
-1.664430997268331	1.9449696062843513
0.9248965531949379	0.9223827694673055
0.9803971683485285	0.5799062001554208
1.6497664570278952	-0.28554873881581005
-1.7890105352557828	2.552466613520957
-0.033857090620693614	1.9146116719530473
-0.6341171926422803	0.7732885218692702
0.17615130748010185	2.459154605521956
1.400213799036701	-0.11885913424422684
0.8773900524413071	1.3724075852693778
-0.4171044645322859	1.51627620889709
0.949770320273576	-0.0682457066776665
1.9631112826377117	0.10189367178937164
-1.5125476085884788	2.2549918033809626
-1.3542825871277189	2.7886702658859592
0.14726801611997656	1.7741941230796572
0.9728933487922751	0.1739129647114872
-0.3896390243745637	0.3050009954372175
2.036956742249362	-0.5890747188008689
-0.3687650725782514	1.0019212723536128
-0.3759423131504153	0.4476193531081629
0.2800514356518802	1.7044692590284476
-1.1848726771936555	2.291716708039446
0.20162486035288943	1.938279714892682
-0.27220069277750536	3.190688730569141
-0.05452936243978863	2.4544746612372883
0.7435717024508883	0.3901314550850283
0.7504515826270874	0.9555864384323902
-0.4892839581311508	1.7069306142788754
-0.3578636663290529	1.5484601240304874
1.376341182177908	1.56817834881929
-0.3421365315030505	2.123827723754549
1.209323409995507	0.4799985780097743
-0.06223224977290099	-0.03087639890861471
0.3439842146102228	2.075633277916272
1.9046586199162034	-0.2990855984429136
1.706136768612626	0.265330284048346
-0.221403125942488	1.6909230022414778
0.736827370287348	0.891201793527365
0.3719665042916353	1.9593088112597123
0.8335787941631556	1.8147551716265722
0.7061083816086271	1.1373937905803047
0.717862442699061	-0.6569511677586394
0.09287333446214223	2.3611863406739815
-0.41792851663953656	0.832514356075647
1.6642992158994216	-0.25677325722048217
1.7692965765913629	-1.085727103862428
0.15494998254114126	-0.6999817929992471
-1.4160567857664283	1.2498089484783603
-0.6381304408255429	3.4136726060369202
-1.284948785910956	0.9707787130239534
0.40313959768653207	0.15013780162736634
1.2826087920300322	2.1580555071770515
0.7213138738567038	-0.06775818630967201
-1.283230649360984	1.2494916578794957
1.5563921106047236	-0.8255781369037999
-1.3089061935941533	2.1546195982366143
3.7671869233267006	-0.13043936713218596
0.6548106509140136	-0.360786719362425
0.1655693412088885	-0.4092895310401532
-1.4147431122056142	1.5463867804497018
0.7905078607929165	1.5486123069504103
1.2472292178624302	0.9782675240505087
1.0721885246574168	-0.9572478561041796
0.6774610725305736	1.0687406882912167
1.8666108547914717	-0.8396936012611929
0.29121118975741567	0.6609229941682926
0.24695301780203938	1.0546450838150188
-0.9959670925262888	3.061590002389737
-0.5269583449256142	3.1119138253294327
-0.26506410740018155	0.31325401116262563
0.8345241726350096	1.8306217237356965
0.03737027657670763	0.3634185563743567
-1.45606465254567	2.5691594775484408
-0.5702704505975422	3.542359998257274
-0.1978694952917335	-0.09800142605694617
-3.1782531310679882	3.453439279210212
-0.8150361299384876	2.8722928408794495
0.37316381731648185	0.2451878979404446
-2.3207694366967595	3.01954395305884
0.7655024364829118	0.4370694660036618
-0.14861794765794764	1.6321653115230585
-1.3600502990019974	1.548409049071071
0.11711900993351484	0.8102136243823415
-0.07191110449317885	2.9640670917174488
-0.8744911131892613	1.7341548820396335
2.0678505461300976	1.058868522145057
-1.0964486628645367	1.4547251738887823
1.798906433915584	0.1420000215325891
1.1170742839739611	0.17224582895039176
0.5741451915871872	-0.43900397283834947
1.0107786366312301	0.8641066670395938
0.8153629733460402	1.116884841747011
-0.5791374103899919	1.7060280226521733
-0.27305029671803915	0.21227031572210664
0.5299441314008749	3.0145780035446186
0.3801680134157983	0.5234617522878532
-0.5778956049125935	3.394651854402205
0.047393513020396474	1.0588683540679087
-0.572064002812246	1.8685141932939606
-0.8158606053032053	2.413845636420327
2.846195886569744	-1.048905586870482
-0.10273726404403136	2.982849019801794
-0.5327014002078798	0.7639903542100767
-0.0761581567286015	0.8826881683677317
0.23607943762909778	1.4699809659897825
-0.007052454729919859	0.44236908438327494
-1.0854951246427766	1.5610404521043428
-0.5058837773683267	0.38370507731229897
1.7570240882373618	0.4221751493308903
0.2974142971301341	1.1633743178652243
0.8417039825185885	1.0208221294241941
-0.17770033072412222	1.4205659836974298
1.8761315467248796	-1.2023451680849233
1.606783241895904	0.3599641776003578
1.4114706486184068	-0.5279318120752222
1.0562903591788748	2.3608520972226024
0.8921996739452676	0.4666451687797637
-1.0261947483136555	1.8392235578767508
-1.5399574363817294	2.123370559615548
-1.0014544616324097	1.0723882183926892
1.8530889844683758	-0.61325795665424
-0.2947126763147676	1.2787774550129078
-0.1554196202885812	1.1923159727417783
-0.009669464981075045	0.6107269293407188
0.45064891929647455	1.388420565434057
-0.2099342289289676	1.6560850963812335
-0.06993177976791883	1.4008705589066057
-0.19987002492281608	1.022396810147693
-1.7590785610485902	3.3767319850307658
1.9686809415047737	-0.044846633570821026
-1.100161735610393	2.5508912488126043
0.6493878907667753	0.79674657006397
0.5866118340109482	1.1589378849801861
-1.4160229786638634	1.2912761810076838
0.14610927542970234	2.447424222351796
0.6202193813724256	0.7186172206281949
-0.35355547396916837	0.7592103245359453
0.9427231435226178	1.3183313841852589
0.3995868448108825	2.6161372844970203
0.6970413502012834	1.5719713193839704
0.7842653728007505	0.10379473851805454
1.8125933695745549	-0.39674585064091705
-0.7544915253617881	3.088921562379701
-0.19304242347223557	-0.2850599469645172
-0.8811771365845297	0.08106431334767938
0.9923417233569688	-1.0864700396755027
0.12033542146363299	1.437368717873346
-0.5619618544629486	2.396901191446122
0.39152608926636556	1.1984115040650467
-0.5978602329835891	-0.36436553776845026
-0.6845011703335685	2.6524599953157404
-0.1894919175265217	0.4080426569935065
-0.2653281372930687	0.6865913183145887
-2.768197939621759	4.9857649330978795
0.6015178828621054	0.77962318648634
0.5558058231532018	1.9200874081150907
-1.2290231116174215	1.4584025592973466
-0.46436711392753116	1.7744899098278448
0.8548018768264605	-0.38793525296162557
-0.3911894043152862	1.248686862766503
1.3512985362621237	-0.39296703071044337
0.6104493199012752	2.5043762425148692
1.104384262737699	-1.0449807535889133
1.1475489015441949	-0.41891614428229174
0.43226424039139194	-0.5879238533510813
-0.6807479739944339	2.0124211526246745
1.523373753961058	-0.1006928240526144
1.6165057480710894	-0.6683241819917001
-3.1586011061851944	2.524691487889446
-0.3914361691035854	0.4546114310057321
-0.10380366328230074	0.15460761247528154
-0.4231235117287603	1.598382215920291
-0.4787347862292756	2.08502520863015
-0.9083472414296739	1.6039472789692693
1.3452964068212336	-0.4943687684136506
-0.48303885483428244	0.8821335122634356
0.8011344910614158	2.126286822351877
-1.8270175269889035	0.6437926281049395
-0.7961497343078752	2.620600466840398
-2.133058821901905	1.9083727177819805
-1.1214963706651702	3.0487594292124
0.23505480967410528	0.6112915833884404
-0.044231364165401424	0.4139501700915704
0.11392978503088887	2.8463623280569013
1.6735305586782852	-0.18960848299078753
-0.7385450454120547	1.8933302111745811
1.4288352172160472	0.5375934310578465
0.5763439074338474	1.7456778894349723
1.4471358626424344	-0.469191236328416
0.5176042859557272	0.7944580216870543
1.2329496179298116	2.0545909192554364
-0.3509727495112226	2.219314073812932
0.36342424684387864	3.196825566465442
-1.0478651780162997	3.522342687541691
-1.957259432104476	3.6872718781302005
-1.0607441314570853	3.488399765905635
-1.2435139445519081	0.9823288365039464
0.6201501467447991	1.6703001185375004
0.9565282592708948	1.7763004553594377
-0.5741567184508148	1.086068552108256
0.733842334016968	0.7367592989002548
-0.6731975413449415	2.701010251373194
0.40665541890851953	0.9355878676878264
-1.2342422522494207	2.392121274161886
-0.7085653491315579	1.3156600420347822
0.39298453464754973	0.49141356457430796
-1.2840248927279676	2.480789260203798
-0.1192224071944596	0.159158565546633
0.15110425921428425	1.9439467128984735
-0.724529290812331	3.131098680718309
0.5079196111196252	1.581582874584008
0.9636487397253459	0.08184666302533022
0.799967348422184	0.881579557529079
-0.10488785542512397	1.2008795009146034
0.6222223695922551	1.640084850030982
-1.9447634613752922	2.9349667237753447
-1.4260394189260865	1.6517736382669717
0.3074834294896517	0.16824878292536083
1.86121071313205	0.33256469213832934
0.8914487183846237	-2.162484258291398
1.8509536017944892	1.8928157648424342
-0.03532045801957559	1.698438248694658
3.3231797448547287	-2.367777009982798
-0.915280185230642	0.920800470139321
-0.9142313680526549	0.07432498593286807
-0.3271262103808781	1.2384645453575502
1.1147275774035135	1.2776934593799574
1.0667195933308329	2.2381383683033524
-0.2025325178337819	1.7738797542731364
-0.38144006663178565	-0.7746991102658807
1.4530584427762783	-0.7343104910502527
-0.8587206957604714	1.785172542592822
-0.5124867304519661	0.9117100556953381
1.1553006286317073	0.20505855199533005
0.1567459871753939	0.6112804438104777
-1.1392617252170234	0.648596583446283
0.03828221157341441	0.9102680344766906
1.380801950581381	1.4677204036022697
0.40012563717272004	0.010558599094608323
1.2553883217042572	-0.10626210280346143
-0.08726882983026524	0.9000669193463801
-0.32426132924906487	2.4308605809611223
-1.5510479767275487	2.242595613472442
-0.22959767095120853	0.6024283794096208
1.4276620905009496	-0.8550307879343855
2.5122047397601195	-0.16747925317238083
0.4864414854915508	0.9993160770615728
-0.804294438178538	3.1350711013133314
-0.12946521281086992	0.7792511369231816
-0.957024495358949	3.7509228926859066
0.45536122837622406	2.004061814941175
0.07652420081339634	1.4959246317294579
-0.7549662089673081	2.2212000074360057
0.7085718095970438	0.754141941960271
0.2856983768494295	0.9321530446176107
0.7955235854858699	0.8486486134109111
1.5704871816904007	2.1292532857030424
1.1558473521131871	1.352720947358958
-0.6687063994106229	-0.20111510770767094
-1.0851051531538363	0.10387155582854013
-1.290881227070245	1.1478335246585984
0.6450264568237039	0.8600004870629799
2.6577628316256083	-0.47182546130156633
-0.8640720564475775	2.3272505773691674
2.382166760118294	-1.3145463595929585
0.403354838423882	0.10156017410372653
0.6864616505102296	0.8468141017091891
-1.4205544063690156	2.1289625363831064
-0.5836976130783881	1.2143626731139965
-1.0127436382960902	1.0445880059988277
0.44726035078761645	0.7963864576526459
-0.33227010822466985	2.397738298049858
-0.23014874531633986	0.7151388701482357
0.41420560168443377	-0.9033903803461021
1.6829400732559623	-0.34545239940997335
-2.1060395954674105	2.1576965861320345
0.6440738507174594	-0.7195646287804092
-0.14261540308966697	1.3252786725637502
-0.7652497484724039	1.9301816116237933
0.7600837523329862	0.7726056929761351
0.09452375057888024	1.7272123068896916
0.418369348436472	0.1965427730949476
0.7943286869254055	3.32319121559641
-0.6159640834347284	1.7634502174573359
-0.49545119409838906	2.144839774068532
0.4928508256957864	0.724895537848864
-0.7133262087616464	2.0777587424384714
-0.6914705404427415	1.7272557547993272
0.4070560811884415	-0.24390728124316852
1.2308825001110328	0.6106782723798652
2.1196895480522224	0.48650825934450403
1.1540798789004318	0.18591095062804616
-0.6469279311535554	0.7938852795522578
0.8850950903359223	0.20667619920246555
0.14574368017848813	1.0670110099720171
0.5712947016492386	1.6065106880249567
1.2129545980293759	-0.7724573366611021
2.0412271735928122	-0.4600706198855943
0.8691295828053276	2.2815478489749697
-0.2421723893868986	0.4485942795906357
-0.5029295248707428	2.571382151410123
-0.08404381818302228	3.0226169781355545
-0.5994725327617905	0.17400551598818503
-0.5511429945655172	1.424011488476988
0.866159385743494	1.043063471828957
0.4330588383607967	-0.0476741578723644
1.141320645166532	2.264402639860705
0.025251369716589964	1.8150043686730686
-2.287564443244657	3.3023570647392315
-0.4795502052257656	1.9079497978815627
0.541434155349603	0.13118677563853987
1.107726356888131	0.7425550600545121
-0.42955630922059596	2.374017304474934
1.5584116117636913	-0.8593223288351579
-0.45480782186284047	1.1491691304495533
-0.5923744143711104	2.641723867598266
-0.6228413144962005	2.803710309190606
0.9696081211527556	0.2626186515376553
-1.7233365047080063	2.249508688794855
0.49921237817273856	0.6323235813132702
-1.0175800992005501	5.044982563550811
-0.1633686763403335	3.035238570890258
-0.8076033066839925	1.3256432818306527
-1.298004553887289	2.6616635550367835
-1.0038278339926507	1.8245024694965992
0.40178004584787813	0.6006697959419249
0.04745366049170724	0.4209194804412556
0.33424771077952375	1.3682589834722474
-1.5533325355031977	2.2025663552393717
-0.021437346547167013	0.630353127428496
-1.6866670858713142	1.77049234036924
-0.5094701321577754	2.6052037806374733
-2.3685031656928053	4.618830641382263
1.4793009325925308	1.0342629261158072
0.9609504878491277	-0.6379516466429223
0.42940147324686273	0.09899373979036163
-0.3239100063133654	-0.3878093063979895
-0.8628222584464842	2.0764351784602466
-0.5850597498076271	1.8143096102361003
-0.5858911931035213	1.5791121978111806
-1.4313912359101726	1.7945985893523888
0.016030741870535204	2.17483470475183
-0.40702097617078375	0.8393005743629013
0.889756151616254	1.7419076896755774
-0.4684139846368068	2.443259910247646
-0.6284256914386304	0.8056810083921235
-0.49892998382019316	0.10077262666511899
0.5798391239727563	2.463784314722767
-1.531013652647979	2.6542450506216113
-0.8363330441101126	0.7161528666450601
0.9734606734056174	0.7502087833508895
2.7161839424965186	-0.5343014455580729
0.550314955160401	-1.0899948537824973
1.2842855037428516	-0.14599222909792536
-0.0403819132318481	1.497384753637
0.587970945598388	-0.0242370197487235
0.48149167430842355	1.665199873087401
-0.006194908879846527	0.1302827830873634
0.20386468371856203	1.1314165467441664
0.546602578697142	1.6367608431269445
-1.3697566371109813	2.1586915714298645
-0.966403855082255	2.833425830838798
0.43045912583678414	1.545409678896005
0.22933043444657633	0.4165458758738243
-0.6539017355375565	0.6094472836560223
0.16249258518944246	-0.44583497788827975
2.2790326406592873	-0.9395555549024657
-0.24793629895007888	1.6492308933475064
1.2882484844259392	0.7100935184865964
0.8272121417919814	1.3210432423429994
-1.8419906936279353	2.012669173530141
-0.09301924225371379	0.0569469099799127
1.0715648550553951	-0.6636131777219211
-1.348401702168616	2.075674599714593
0.32729140469376267	0.5259477651674334
0.18783257856018462	1.5305515214274976
0.8615137779220101	1.7783181804042378
-0.6438595208473126	2.176204782327477
-0.07562078889317507	2.5448102125893524
0.6788243618128942	0.92815796935233
-0.6374318556530797	0.7148872252226837
-1.3507419929040472	1.7512673686436857
0.19501254753392017	2.0715195494425176
-0.7042076101828535	1.766209565765347
-1.0728799839295118	2.424753737142618
0.43709449024077945	0.9754391927767738
-0.014118586011557896	1.0060605366193116
-0.3755595479337368	2.3621073922837676
1.0053084806599215	3.399560568412322
-0.5922003088967818	2.8197772814884035
0.021931397668714294	0.292624891048044
-0.37610080683776753	1.3340247792780702
3.019524111109232	-1.4010260043165492
0.6029796133811849	0.6065391864408072
-0.08599247812883878	0.9406472144547808
0.009106775358471087	0.4946931691652895
-0.24284782995779464	1.2047461761150784
-0.2930555107977797	-0.7706827469053525
0.8869187821137157	1.735345856453627
0.08332900212835385	1.3126855593413504
-1.1814165749251075	3.250024104576271
0.6375189725477214	0.9384252214092668
-1.7805919063127635	3.625511200784162
1.9084892106886107	0.2000008713786529
-0.2995811766959109	1.0787439270935302
-2.644537928580458	4.670053562362924
-1.2435502227396922	2.6987855911712106
-0.87121604406974	2.3016301704626647
-0.434950078880792	0.5833559774547107
-0.7147773230850523	2.1629445926440027
0.21219524118531868	0.9428534292356363
1.322840220371182	1.0331627688544263
0.8800051398790728	1.4401069578895875
0.17532578853036965	4.533598049274497
-0.8135355481424229	2.9720732459201678
-0.7819804966068563	0.05615223629933919
-0.918723593995422	1.9009025668842416
-0.6988598408769289	2.9302527131870795
-1.185013169647608	0.48556103809393214
-0.7798589493279069	1.4565189018134506
0.1768236695105874	2.8016348661406063
0.6647440447460616	1.3624757558982648
-0.41746058244113166	3.792860971399933
-0.2523058963785008	1.4579210854063025
0.23813128100612693	2.5891336245352647
0.722110779191534	1.1766350759572721
-1.587343790361984	2.452074214899901
-1.099632923206614	0.8180967034859921
0.39669961197087433	-0.7654867156864333
2.2587574069144827	-0.24520841100402302
0.8377734667855407	-0.5361532226428082
-0.7715551845965148	1.9388513154730969
1.6180665240898395	0.8469189327950147
-0.8697355811188825	1.92510869232071
0.6215643639631597	1.035304386024963
0.3157852817961915	1.2855724658751448
-2.075066170082584	2.957381784748638
0.17190122606352198	0.39052182035323346
-0.06376479178468861	1.134324410311922
1.505744834721775	-0.5856372626113432
-1.4418117793582237	3.8024648356427173
0.14048009073299994	1.4090357117369372
0.21967087365770532	-0.5054096951681177
2.5321004600305232	0.2268720613847558
-0.4955121841064782	2.4199325099263476
1.2535385677192046	0.47992149574910004
-1.0380485039468932	2.3434468532804793
0.10649952296132784	1.1090718923729896
2.178663495720632	0.33614089638466504
-0.20280643239305624	0.539809179753404
0.5062014586915371	0.8302768416736459
0.6485183780255092	1.6008473456312986
-1.7678425122814074	1.8068541555579798
0.7825564126244585	-0.8786977733855964
2.3000611057001126	-0.4950063898027182
1.512660938436604	1.017223514829555
-0.8227865164117744	2.307479111855999
0.14417902430512844	1.1983247435902296
0.3205073496809114	1.6260797950395136
-1.2060381440025574	2.6563961619149596
-0.13583938244407834	0.8075413790433544
1.1419788077452044	1.7518834794414735
-1.0272442908021593	3.609503359646499
-0.6614998045609259	1.4740165149462168
-0.4109238012972486	3.6636483791769825
-0.22324036766119223	1.5507570332321043
0.9296043213670893	1.7484786134261936
0.2445582062790701	1.1565745998625128
-2.3535663698414475	2.7399676702516147
-0.06592832734443527	1.84474793813807
-1.5282037638880834	1.7916470888482028
1.5453551529727714	0.3684396650292648
0.4856139431375044	0.43145450427310483
0.8601422022025749	1.8553156384959826
-0.14411809319987004	0.8393242558405477
-0.6464442364749593	2.5066291825574574
1.6431158549924791	0.64062150360615
-0.4621329830849322	3.086695073893978
-0.5899932658954962	0.7880581342361788
0.0005817172128596489	2.3134676691425646
-0.36656248999057944	2.508203289532227
0.09764644523517901	0.7711064634906193
-1.8402977990335059	0.8301343851572605
0.40156727197172054	-0.26721197028679966
-0.333772049263804	2.1842123988973317
-0.7919240486938237	2.0187303225956352
0.3988928493794857	2.464584419795572
2.7432254827962086	-3.007725745398341
1.352912750535831	-0.7907763184435775
0.5840105436985477	0.2047018802355719
-0.4085216140474488	2.80829295554841
1.0491626330135246	0.4329576848439166
-0.7422936877083421	3.1727424272211393
-0.9393318787657158	1.9632711251943198
-1.0978198779564752	3.494230242561036
-0.7776143720701183	1.2258551008309664
-0.8303906070403815	1.720784931947081
-1.6878753204532264	2.5174184318649546
1.2623508380738306	-0.46148752272646476
-0.6077285039878629	1.6741713037397885
-0.452609353883922	3.4891174435171126
1.0691084687809989	3.0408224464318905
-1.2676424744116235	1.884222779807285
-2.6637960963917355	5.653282219110977
-2.382774592995916	3.286423207626226
0.6284747507435029	1.7541429125395684
-0.8090979695046836	1.646745690330615
0.25137775030145515	1.1449845550618376
0.5384107111824336	1.0924389354646165
-0.22512146006469055	1.0808289666103592
0.27402881372998794	-0.546714458958264
-0.9283301224767203	-0.20950287086447172
1.354274757872374	0.6549040370266364
1.7177783659435353	1.267453540823865
-0.07712684589169572	1.7820750054882035
0.0838402623371791	0.9682580583479364
0.7994126766956934	2.440013335478281
-0.42131779788040585	1.2555586382369128
-1.29268641008096	1.411482996889256
-0.732363002089557	0.8800634143761917
1.2897432259890595	-1.0351118649303288
-1.2101758848495658	2.2621660679350954
1.7658205484703795	0.46828609573132496
-0.9248791201941245	3.3846675293451813
-0.37158290667003296	1.7949252755754674
-0.7521139385956126	-0.5707117849385326
-0.8658151277827206	1.69588877618138
-0.8590655268287214	2.188800418567756
0.04667766948343061	2.6809802446543465
2.0277922843584935	0.0669357457576718
-0.8330996423501272	2.68705440024214
0.2936845720071862	2.9738393967072505
0.8677516259865066	0.1698921655305597
-1.5741586015832745	4.746624590418582
0.8165800152954122	1.895876973378913
1.0763232681145518	2.6609093996273936
3.811369087959595	-1.4676502298850522
1.2289178559051719	0.4903563021578603
-0.3655129803478389	1.6862342459628734
-1.1700059820261572	1.751045704401057
-0.9866936140186263	4.139080365422496
-0.8902140092263642	3.3701496950800065
0.6245976905142353	-1.451073653659004
0.7175033674021625	-0.14021784085676225
0.4404482757631795	1.1549751888527449
-0.0687611990865293	0.07828530048254945
1.1846818317751195	-1.4183667540595122
-0.5343253159380482	3.4460603124297498
0.20978704405991322	1.7139920487394003
-0.9343123979990028	2.1349529613162783
-2.2903648191782717	0.9225459899397888
-0.46705402057112533	2.6662062707389245
0.492510989034517	0.32913611931740816
0.05335370066385495	0.6593441868735439
1.5539227538897675	-0.009569916999679434
-1.2669895476810713	3.3451687046060625
-0.28666907990194246	-0.15783632618943022
1.0212350194023412	0.737695822900198
0.7408858764180254	1.2724070483859489
1.2691692144143711	1.7722392870277934
0.043217091970287884	1.185510152283902
0.20610207228244784	-0.09768349190103409
0.31460899301870804	2.6433499321667604
-1.0805736137644883	3.543416409067815
0.38502585219880603	1.2224237098979898
0.49264892808869404	2.3606168145817876
-1.6573946252365088	1.5243715305465797
1.1031186258991312	1.4337821189035767
-2.1448286615213594	1.8518251780996033
0.4207360001219606	1.7289089470435466
-1.054017181991449	1.2252362252703093
0.5898361574193488	-1.1011496038796948
-1.448513340666383	3.5265644939518177
0.052469357516364536	1.9120942101593834
0.560591259635015	0.9850329703305758
1.1173179905967956	-0.05118721421613831
-0.6145959098931467	0.5748186208186836
1.0164238461986863	1.204456328021416
-0.7026461866784564	0.9573550415756444
1.1038641584539925	3.6913778279122447
0.9516075628184741	1.2781769691611542
-0.4457834075568488	1.3428790396765107
-0.2821137727847972	3.100374896380415
0.5273208976784669	2.432112621694995
0.5717573470446563	1.5130649793385154
-0.988308011192832	1.3731286940534515
0.5955895746455043	-0.5813989666028743
0.943446885170831	1.2881553318564114
-1.8684109634175317	3.193118962214999
0.5798239642995914	-0.06731895086671602
-1.047992722974727	2.0543858140364004
1.4927527286767415	0.5887465789646321
-0.5487955221616688	1.2932261509440746
-0.3952310354696791	1.2682591000535532
-0.12433773906792384	2.031194866624422
1.1076963532625004	0.3336949662807028
1.5840108187617157	-2.5662458985976215
0.9192122536624575	0.17611195832534082
0.28154814648650067	1.2881003498682
1.2713514999499207	1.0444241183981844
0.076523349152626	1.735762410431839
-0.2320276979863609	2.7364208988947483
-0.4386177808187917	0.21042661790426265
0.4654754851964943	-0.237162552103644
0.2891612517247366	3.12521503142198
-0.3656670570252059	1.3506702455961068
-0.9272575933518018	1.7873270697008061
-1.4790534669153022	2.4996730749255605
-0.6565475623339307	2.3165813489747014
0.8942890311311336	0.7460999311897052
-0.17993002256379237	1.0782919468373036
0.8726323036326288	3.170045605006258
0.15006669474502451	1.490247016000517
-0.12030727648625003	1.9711904002727936
0.5924609875879051	-0.40138421328912344
0.11138398166051518	1.9931406653408583
-0.38634049547733557	2.505521238108216
1.7450343963749833	0.5366186932415338
-1.118466223679846	2.2549546014464457
-0.057098780880690266	1.2610343105777388
-1.8569295221095217	0.5840160756525505
2.230853738681124	-0.04618540488136896
-0.42556031945930267	1.152410748571842
0.5538088096812461	1.236239736613094
-0.22959583094375002	0.05681508204780017
-0.38261869815118016	1.0104386270005592
-0.29315797764901713	1.6078622125535282
0.27083153847878944	1.157342174456996
0.5516896320668572	-1.1509703868149566
-0.28005352228739344	2.36937538602499
-1.2070384567322	1.2976094240351983
0.23610172297330784	2.5465027989274938
-1.536901466971929	2.1400367620446006
0.6521399098247644	0.6952075435898678
1.4870463773747067	0.9778599905293486
-1.5289204662321507	3.4181086713759674
0.5827537704705176	-0.5204616451402353
1.4024258267438119	-0.495484101753636
-0.8813145445090598	0.9220125767191888
-0.12947437792858993	2.587550314236001
0.15445995843373583	1.9882685751284743
0.36368895971029314	0.7419375445625898
0.541608481049555	-0.6408512607367105
1.0246898325887421	0.749663245798228
0.8953984582532643	1.7733807920909825
-1.3226575180779163	2.1395844920418936
1.343115574779502	-1.170787910288389
0.19700537956702838	0.8804975263121545
-0.48408495750336444	0.667526301896204
-0.5904541359651334	1.4102390273236578
1.8018696386883726	-0.44582248645126454
1.6987819316765702	-0.8915756393393977
0.5207371074621949	0.7661104055628538
1.607340802825205	0.8011253486597215
0.9446765373755693	0.11786144236975371
0.10267105814066	0.9376579751784403
-0.930110778303548	3.8718142685916455
-0.09705302995600877	1.7845505156845847
0.29484051928744803	0.5320978857836398
-0.8318247184503023	0.3550345325555413
0.02183951983334618	0.34542896688006874
0.7676508805340223	0.436879937348149
2.4924970488836813	-0.31717739873605677
0.005686236900154046	1.9918406678069789
0.06635242892182473	1.462021779095719
-0.6405711007831931	2.693379350701676
0.05846261460177958	2.799938907105094
0.322432785338735	0.4865004610472061
0.39979893379670794	-0.09515613470109896
0.7152752695337322	0.9472303946642111
-0.6020802132619639	1.2372417882032785
0.5065287726902118	2.1717558402875032
0.21567557300682733	-0.8836984372757994
-2.118314531881576	2.6466966990447074
1.8226215202303961	-0.9515591464954654
-0.09807118244773821	1.3996850076414866
-0.7549544418333906	1.8905444520275136
-0.7628348086588659	2.102694147103259
-0.8802099796752029	2.1618644701352645
-0.3405226542690129	1.8111461984155033
-0.6677017655560086	1.3446280310776157
1.2254698104262576	0.001893286959557594
0.5703520075001074	2.778396005329501
1.0078892808946598	-1.11755409975015
1.4515765848865005	0.4015432912947129
-0.47099920508187176	3.3960616973723017
0.827742263544399	1.0856022799429088
-0.2604438887029291	4.090651610251621
1.4002804706955139	-0.39102817853854255
0.8259337437270918	3.1806180292238215
0.7750833663938149	1.3517384482239119
-1.3284305974685526	2.3375196328325876
0.4127000267473447	0.2631554418363745
0.11559905218533847	0.5178466367734955
0.3836085415449248	2.325133494172666
-1.055117390528626	2.222397123086624
-0.5646244490405039	1.1554067547662301
-1.2502151537346018	2.594490324770942
0.8208194643151255	1.833309556087384
-0.5252930788046978	1.253237489302222
1.5190044437387789	0.43952800285384624
-0.2684052981581315	1.2716497675643743
0.12926280570755797	1.6721219858190437
-0.9203626553161949	0.9674451010817915
0.023045245895035735	2.981654007812641
-0.4646112226291055	1.3091600412425146
-0.5906960823397323	1.5211864880916095
-0.5940016847179775	-1.0802317555201282
-0.7203580702083834	2.4752452496105732
-0.06199432002251135	1.6752073320332184
0.49935781770612864	1.411059012533129
0.06355002023529448	2.164682504810379
1.1730706549354668	-0.5777592375388404
-0.598635673345208	2.9501103979894747
0.3968435115177491	0.8230001961445713
0.6960749005606061	1.8257536800976153
-0.368932206217638	0.9358271556522383
0.15744021276083509	3.314261580575373
1.4023096650160503	2.3541866061910692
-0.4585286877003159	2.198766654518187
-1.5042195057139651	3.0143709609607066
2.61800878824184	-0.23612807608756248
0.15709251972024624	1.2348733316578624
-0.787560232589775	0.9908793460823232
1.0395435756589746	0.6310420769374585
-0.4944657284803644	0.7458678388618946
1.763594659033241	-0.42227854862551273
0.4876133070560877	-0.5839820155942492
0.37567725792334883	1.3497803688567966
-0.727769963678486	1.0968263484576615
0.11948696537701219	1.42914887029351
1.3606157246416313	1.0931289103451247
-0.2695814114537593	1.3459451046855648
0.5084468632122242	2.650907535952043
-0.272495151192609	-0.3424938183105619
-1.3987571139103523	2.727831512106699
-1.0486051522052966	1.869600502778035
-0.0315034227050232	1.5258824306193302
-1.026505079815656	2.2081266693618757
-0.7364605632896927	3.2629002716410307
2.249050690824722	-0.806915597204442
-0.06724650960225892	1.0462524060563525
-1.890134596385716	3.582930618888609
0.4168675529305743	1.9137954474955707
0.22338379567250613	0.7355558268891544
-1.3904330175990605	1.614785235811548
-1.3474611743551468	1.772052063017796
-0.5090108621882969	0.4088683319178781
0.721051480369506	-0.4558545127175122
0.7328353254840879	-0.2501728453832822
-0.18556551660766676	1.9431210477949827
-1.3540010185890856	0.901088897271817
-0.6520584027220202	1.2855012617702148
2.7449568981201464	-0.656674391879632
-1.1628545315395586	0.4610462616581197
-0.8987277417395774	0.3021753718323208
-0.8123652120953442	0.9623931626995225
1.1190143923806202	0.7547050950755337
-0.27482526769551713	1.0779797435659386
-1.4197285902805388	3.264303371230327
-0.5423131463872302	2.2973850460252723
-1.730717597912416	2.611767721533035
0.5681103209082246	1.1218939524704048
0.5285954243051476	0.4227027363200218
-0.5405435012835133	1.5293688960378777
0.4588193436430498	0.4906293110035288
1.1954105725202733	1.889723448113786
-0.26104018263443135	0.9523269842076396
1.7569210714908818	-0.24500550470801669
-0.22997558771107135	2.960905733965156
0.5341276163408409	1.7787502782460975
0.43348898701982214	1.9049455072472337
0.7320102204459212	-0.059896017397932266
0.862506479428863	1.0186454106808822
-1.3654946319524879	2.8315940013228644
-1.7184272795620068	2.747895873005865
0.3035514034405737	2.3463762420100434
1.1180252033934128	-1.542521420892957
0.8893057869702043	0.7836990129820421
-1.3396996228366143	1.9232502864984267
1.1265147706621346	-0.7830446811563739
0.10016882808469361	1.9775628582043383
0.7311121965219879	0.4746905201688981
-0.42383924266240575	-0.07420656834915906
0.13192756330160132	1.934041487465126
0.7582760972108319	-0.4576819983190822
0.9654413066064144	-0.6987222518948755
-1.59412992025806	2.5863914673529345
-0.6236476471286664	2.0928752760268066
-1.5850380623197553	2.131204748926844
0.024165677481197325	1.4776899561885475
0.9153568750987595	-0.1620734024227799
-0.07480858200631303	-0.23213195076355464
-0.4979325573568052	1.897444332011968
-0.6438374491558945	1.0836167085055606
-2.5199285904067037	2.70544014282706
1.847442414205733	-1.5167196184889173
1.0678046815792464	-1.5131716353376818
-1.018016726829416	3.1733046814926515
1.0944983920709415	0.7730195493826126
-0.1646656180384749	0.1394965405089137
-0.5003805426608559	2.246325857509267
1.6010841081520821	-0.9965822865180063
-0.11275607619348202	1.6085992089575487
0.8857322783698737	-1.5220724152830294
1.548202820547976	-0.27990138025626543
-0.8402760608785489	2.7832612963536443
0.40434188768262835	2.024764177954093
-0.8863876471447457	1.7463578960827957
1.582983408994256	-0.256970425169538
0.49704447965099835	-1.0961313232114218
1.4229956682984823	-1.4085344022926458
1.2169628330843343	0.17430639848542856
-0.25870509915406087	2.3370022560125863
-0.18144497567123963	0.18947617342249212
1.2108107637755519	-1.952696466314662
-0.6945535784785754	1.466585031341991
-1.5332918348449813	2.5525684899863657
-1.4814299382950546	1.3079124202744576
-1.1171703595907896	3.2767509552946636
1.569923888257752	-0.010218183662357994
-1.4884535532156942	3.615856783166512
1.8237780027329835	-0.5342786719412993
2.484332909698304	-2.103510498454188
0.13511766221099294	1.862211039925393
-0.20147861188896735	1.8749151565282471
-0.20333691958098496	2.0949432887942208
0.5219699156027211	1.617380213406101
1.9023759863895022	-0.5653696753890459
1.3871336562512582	0.45697290992188866
-0.2907615134742473	1.7044990334767103
0.035796077143116896	1.1330898586151614
-0.37691653791560553	3.2002881636690863
-0.26378012730790057	0.3322602584075405
-0.08057604133059867	0.1999717660661171
-1.1150722750074482	1.8298127920430092
-1.362199686453506	3.4473508658964622
0.38095844494692255	4.082051495553453
-0.4854873295714122	2.6376801258345557
0.026748455759649504	0.7067074166060824
1.1411086670782171	0.12783065855914982
-0.7973262894251555	2.8395147376879915
-0.7285962234253	3.064232254111017
-1.2069744793260446	2.292761104818427
-0.8223339145821987	2.484996526959141
-0.7459089029182785	1.1088362689893194
1.6914860749078648	-0.1185715719722536
-0.18688716922763707	1.592974770492868
-0.6546732832132165	0.716140700964931
0.44433441114387145	1.183108411187155
1.1435437287948191	1.4955511076734365
1.404135345753377	1.3755827989269251
-0.8510220728991652	1.3974098706135991
-1.6486736133926159	2.7228806616938828
-0.05676477361304326	0.11881054553447368
-0.7278891954870941	2.023074950169266
-1.269306610629383	2.787040392751968
1.4319027513671219	1.2989561739576014
1.4683918501007127	-1.6829687305174394
0.08310775483368395	1.4152835618783288
0.9768052808375768	2.764420298988646
-1.027545114365452	3.24021471818636
-0.49434052274809437	1.6672358997592165
-0.2879293215889774	1.7774342815948958
-0.5330349001117338	2.825583377417602
1.9513306418164542	-0.05033577682996006
0.9084370532514008	1.3388628034276773
-0.7004388785507353	0.13816792866601202
0.8820947633747259	1.1261001424000303
0.7637332199133353	0.5114598419608004
0.4781696312046717	-0.3899618070044708
-0.9374885033771914	3.7313432669317166
0.19092103773194172	1.2416141625046495
0.9381377205087472	1.6376523572723443
-0.46228612163159	1.1238935918228938
0.06920014053527282	0.697585782394456
-0.560750754545067	1.8727023871070012
-0.12603842807943533	2.4319977599414218
-0.5239775383359133	1.4973169187302673
-0.48895415025744593	1.6459859769446388
1.2390620837174662	0.6904272398977243
-1.3796135275451005	2.0177718489438474
0.7076151812698043	-0.8173810192602929
-1.5750930703825146	2.342603628486004
-0.11659092526889402	2.0905349698596822
-0.9273623301923679	1.7870109499093658
-0.45832257051973524	1.694657986644293
-0.24731889620270156	0.6405829700215815
0.337873733312603	1.39655553879115
0.42151320770642214	1.5724046112466157
-1.201997735220446	2.0534277591488
-1.4729200211230287	2.5600030813629626
0.5869502716707162	0.26351722087205354
-0.3066684595474578	1.0228851408093433
1.1144733939453237	1.3044812399667847
-0.29897001641660786	2.5545272704089537
0.8251985724923433	0.3199528623754192
0.6951896440192721	0.5172080002755457
-0.4029875072394555	2.387897373812732
-0.08617827790739177	2.0789004526738095
0.48558939238226856	2.8907674374785843
-0.7803726529443534	0.6126997306132422
1.0944258767019757	0.8770251611477529
0.11111392225978003	0.4638306186840463
1.4749147569066028	0.40417125708419693
-2.189870221719965	2.9759890300479483
-0.09827011593375119	0.9216800549290622
-1.2198482789949259	2.0892361020745196
-0.47782651107669777	3.111797107507111
2.568191175394402	-0.4114824381920667
2.139227933628813	-1.3515511144349566
0.1546846729477518	-0.06771280729472107
-1.6413182531648882	2.8344922417182765
-0.6063294035946676	3.847616080250004
0.26748562792238767	0.46668968848556436
-1.532954059589353	2.1390984402057986
0.5429084565256492	1.0108113395525873
0.5246227221774208	1.7409845628116856
0.3350581344477632	1.2274725050448487
-0.24619740715140456	1.4595973150327495
-1.1373966395122297	3.0422574999364773
-1.6473435190292665	3.041323737041192
0.8064892684954243	1.0637849343190973
0.8419024417634356	1.4070442655121393
-0.8649967741273131	0.26045303551528676
-0.26686256444233997	1.6720923289421208
1.0872190359239269	-0.9689067515728031
1.2154126755262895	0.7266142429248517
0.12733741310609775	1.8405941117204456
-0.9985057897588907	-0.3819678799182966
-1.1286877290524053	2.318013788677127
-0.34046378172937264	1.1023574691048987
0.13275709260998797	1.473089004183941
-0.5968249810821348	2.784390220628712
1.2624859484259696	-0.23412770499458135
0.9965196661888127	-0.19978652146999842
-0.75809413482084	0.7796509390469137
-1.67855761337509	3.593324570449993
2.127651374847781	-0.42246698260108295
-1.7704304218216929	3.328321401389176
-0.7772464555670767	2.492894012633561
