-1.6378077751888283	-2.3402283137915223
1.3418695784895047	2.1530780005292605
-0.9801234100222547	-0.585385448533443
0.39329865767890987	2.404597747343593
-0.03295306566996194	0.6200704803548869
-0.009462901203204425	-1.2197895033755137
-0.4332902782513609	0.5208241515640644
1.3608910652790256	2.3874462885770282
1.114799584533227	2.0719094398349482
0.01771333147398087	-0.3754504122136013
-0.4982844479200391	-0.6232932709110772
-1.5283438290528566	-2.166691030522196
0.6928895546342095	1.3473691632425167
-0.26949575460768577	0.23528389758601825
-1.1613500425025018	-0.7104878290676679
-0.44883764839245643	-0.2637798942173105
-0.3436169268382546	-0.41415973639529835
-0.7582596428971179	-0.45002471974856295
1.4546119378645506	2.4625345512625847
0.7868625577249889	2.0648489188723613
-0.15504209253056497	0.010004137970788099
0.7882233934858265	0.8992248272823035
-0.3306806059553034	1.105636420760637
0.4287573466984519	0.3273439562303447
-1.86163810883489	-1.394970198826645
1.0666081733917496	0.9295093680419344
-0.22238225072618267	-1.3309489954066023
-0.7213727192773319	-0.5868906893251493
0.5260231439678469	-0.089145790670635
-0.257054974991569	2.0537053452517102
-0.9122676358729253	-0.756605197457757
-1.6391137568255874	-1.4796044008967506
-1.4062011640187926	-2.5389021489284684
0.8348795411614603	0.9967030814160278
0.17378680345904332	1.4496919166416902
-1.6777683798612195	-3.426803400438602
-0.8435826786094657	-0.43241211051217465
-0.5136001772440563	-2.1579568546135603
-1.500033021457269	-2.4117571556920874
1.521236792930351	2.3468049062067724
0.5159739347937614	-1.3450772588945041
0.4958052334327663	1.998807431069869
0.4064667383672466	3.0094337817473904
0.79416781530911	3.107019431824567
-0.2607723682697656	-0.6158865616419775
-1.022365675410913	-2.1819252715140607
-0.5504080353968708	-1.223083217108317
-0.8209149917699694	-2.3117150392162187
-0.609567909465205	0.3615942992898925
-1.1453641720228869	1.4625253480205136
0.798138216831209	2.908069577728379
1.0561864733961641	1.2687710324948878
0.3186773449387735	-0.3511844442018698
-0.8433122186851539	0.8882345818256188
-0.2145326629424391	-0.6080443966133606
1.2249303306404637	3.1945202397326193
-0.8181115408150895	-0.6973251435286476
-0.4434556778829668	-0.6969566956909226
-0.23290837796743805	-2.734041872410257
0.565162168418721	2.087009466444644
0.8611391995983178	3.2113185492141136
2.305919992208381	4.085260080474074
1.9356643468653634	1.901628357981111
-0.26884428458513576	0.23866193130369578
-1.5375900992889822	-2.5160935722525517
-0.6953458496679872	0.3665856516192627
1.2489386369359832	2.7892464416234555
-0.52686703486232	-3.1142441491844775
-1.2047702355802383	-2.1639601512487756
0.1702969948909507	0.0342248531542122
0.6870535335968747	-0.21249401741708707
0.42954105831724654	0.13945816285754475
-1.2599868323465284	-2.4142467967624404
0.38894532345198357	1.408277627254722
-0.7567579333304861	0.2715509155185092
-0.021366471917279334	0.01714070093784323
1.0548860082489373	1.9963986845182968
-0.5368980199576692	0.31179768888022785
-1.1594615805565918	-1.5024383693057106
1.0692268044302948	1.5746722332293246
-0.5619708340950264	-0.08570325560954362
-0.7046842550403333	-1.3348861408858588
-0.7169031111972868	-0.4286223413924164
-0.04534979833878068	1.4018501215261023
-1.845094795287169	-2.3348496397629415
-0.31355686186052095	-1.6053587014979904
-0.2367746963734262	0.6352280352404335
-0.31615045709072176	0.545988759443688
0.7774381162735128	1.4329604155507718
0.15607893466718784	-0.42828753986060564
0.42089153165705406	-0.4619248581519646
0.4650716925937921	0.7752620702159198
0.134703349281231	-1.1277848076933608
-0.03161774441941089	-1.1433532355089526
-1.1078615903915967	-0.576887651041245
0.014676072142933328	-1.1083415174048128
1.3543929822191225	2.9935873617776414
0.4171798037558318	-0.24017039638127657
0.07472477635288742	0.4108823869520436
1.4831071681940773	1.877186536142693
0.1459382566064425	1.4854746739253375
-1.5166929857261797	-3.1915554747018087
-0.10884037855173687	-0.18882373033280048
0.7871482247905149	1.0593500848106914
-0.07594289770379009	1.3431790496746647
-0.15186066538689016	-1.6784739926403207
-0.09100535341165487	-0.4247622269043417
-0.04934414374128632	-0.9243713240347133
-1.3033684383938149	-1.0545448960954036
-0.03586855646325767	-0.10649759917369511
1.3479307456007057	2.8156189094583612
-2.4185323861413894	-3.269299385485751
-0.06677224604597089	0.8580236286358199
0.373721993606311	0.8033410199648197
-0.07642042477421061	0.9823752309310813
-1.7538195748254768	-3.5015209086283017
0.7933692003681532	0.3025176115108341
0.5648687230578912	-0.021168962203275132
0.1430484882654304	1.4367876845943337
-0.14055203038410122	-1.217391325206037
-0.05016288661180934	-0.6074606672775962
-0.3447934361254665	0.2715503951702972
0.5233532600581786	-0.35083041694575445
-0.1219161010451959	0.25534892775571744
-1.762883375597911	-1.9456583560712746
-0.5553644926609665	-1.9642041442008695
-0.20676799441026433	0.19730032121782676
0.6372729762166067	2.299998444970023
-0.3550529500745288	-2.2237866342682597
-0.7873556362484906	-0.4403872793581318
1.7939926710719805	2.151061559190814
-0.07218434602015948	0.47075528216725704
-1.4795815619447115	-2.7562686105771035
-0.5922150940251282	-0.04068179923434467
-0.47182869801601646	-0.052443089278298105
0.02548930599353786	-0.027100757843552814
-0.08328391061718012	0.12385406030721303
-0.7000865811079259	-1.5795677386104807
-0.42223327500123126	-0.904837822552496
-1.111316294196785	-0.8856583770295386
1.0669128094337448	2.4999577494028586
-0.4847005616658262	0.806529001870919
2.8362071057577807	4.608811486639408
0.39108813791971153	0.6848663455280333
0.7476879045822605	0.3830065047027186
-0.020704183453019668	1.379837692786546
-1.1619943426576023	-0.9390000910411173
-0.6113641958987989	-0.9033088012729633
-0.2414909356319748	-0.3450180401686919
-0.8899689908528648	-0.004361464297845341
0.668936838202551	2.2160135157625866
-0.5822821270053194	-2.003723820233505
0.6773303044601439	1.1711671305519393
-1.3872290734901902	-1.0169665426680807
-0.24321826859179424	0.18844824008366745
0.05223033350524659	-0.9820711754364041
-1.4533175507628684	-0.4048267107408847
0.6672654588873675	-0.8878609007564175
-1.3410720084372028	-1.4715711679432155
-0.5541382381486822	-0.6647054691917317
0.2562593887028257	1.0805821643880495
0.01588740516804279	-1.9682613954490522
0.5794112427045107	0.3343830082508793
-0.3185909949391603	0.06576067957666126
-0.5785175170322389	-0.9481411497441943
1.5939004841443898	2.674373239351895
-1.2940505066864572	-0.1541907143420722
-0.15736421704907305	1.6491081554736298
-1.359955854781286	-1.7940940397823133
-0.2579363512986554	-0.9378338792915265
0.5444995761921939	0.5677372012803652
-0.030374077600491073	-0.2922050341107905
1.444613686120396	1.6349996384205794
1.4881023550582972	4.811171814047135
0.6429683728454494	2.180565836483039
0.689509598551082	0.7522237766241873
0.8890418090818508	1.4399713582755798
0.27508992971165164	-0.004606075934719511
1.0703227013322971	0.37805360531498833
0.022576914142853684	0.2246612700784149
-0.26772819862914427	-0.26856862783488267
-0.3110345449637218	-1.3709707493136425
-0.1607501202152543	-0.6083417523576451
2.2433562277127232	3.5497855750177214
0.3524964587607031	0.05155999731082861
-0.5169006999495334	-1.3527512234356447
-0.955857367704093	-0.8361232373021016
-1.986698469621753	-2.695791930109959
-1.1133445529598998	-2.472008376602968
0.8327472052692401	2.2081547370462573
-0.4339064627745039	-1.2044937945728753
0.3818701207342843	1.5441025080359059
-1.2210329719258135	-2.4710929122711223
1.5506921400942242	3.1704574901187317
0.23608460943762993	0.6820976483445976
0.6632072605170583	0.926132729916308
-0.22270048679120658	1.3094594964549797
-1.5942165370291952	-0.5687616547293828
1.349935041977092	2.695914331202311
-0.4628622910485517	-0.495304145420148
0.09738503860107238	-0.11528635562373374
0.8088727917277656	1.708828036572318
0.7142524181864435	1.8349161778065897
0.5919019888572117	0.4175542602047416
2.1859550480451184	3.830894803742866
0.3771293633347182	0.10910306519782764
1.1280054586734278	2.1930753823121276
1.1234340620052174	1.964738674255043
-0.7067502223445306	0.8799935481318644
0.04567613395119356	0.8007667525064222
1.0045655725857487	2.2987984057689688
1.179607461887052	2.5657623459563634
-0.1958046407163694	0.059608322382931345
-0.28929464794110993	0.772507481399932
0.8954722184745699	0.10038048715130476
1.199518110283387	1.3771389536334602
1.1476107742296955	1.642232523611278
-0.2791208765710371	0.7527293692890678
0.3761973411120555	-0.026614661741090506
-0.221116010756022	1.2808375362387139
0.8343184982611896	0.9161745890266986
0.13037985099397773	0.953930061738427
-1.139803001204914	0.35195664470193977
-0.3481697540766249	1.9540567300003993
0.9719778960092866	0.7873988994290709
0.16908612683743954	0.7496492676644528
1.2000658805418534	0.7047955001153057
-0.7885391059207079	-1.3913038692646673
-0.20163291340856482	1.212764398675549
0.19041271930682593	-0.39428543048243975
-0.7461190880843434	0.09915083695916027
-1.2743894884567222	-2.2071828361123598
-0.43231008888312106	1.0267540271217914
-0.08219859349763624	0.7251158248134514
-0.6743842628286795	-3.588577283062391
-0.032158389413881015	0.9602847575159604
-1.8945604022187565	-2.5619176386553906
-0.7441536959398144	-1.7155043663045264
-1.1683086680481034	-3.0353173177103763
1.007910199371945	1.500223889989322
-0.4370388437723902	0.673601363269353
-0.5151831931044543	0.7484935635645653
1.3735374168049403	0.36571992197163405
-0.7895681431068963	-0.9278932369409145
-2.324605021010261	-4.368992706822275
-0.6067278624733523	-0.8634684918120921
-0.014056308396457837	-0.35551963224607575
-1.195060714526524	-0.6093161136044909
-0.21232753388397516	1.0876693273884106
-0.17084579376070239	0.5580660897811238
0.4786831150062344	0.6976409633793504
-0.1528754746853865	0.9740551034594415
0.9882331712781334	0.4252965777401654
-0.21210327259983405	1.6445275059223032
-0.4754716283559596	0.3695598790196004
-0.1601362913897026	-0.8145295962510177
-0.8891480903804935	-1.5413297594448432
0.5106644011732496	-0.317547453906579
0.3143084317130737	0.7912392273466368
-2.01970862817338	-1.7163545898488435
-0.4535276332413952	-2.3964351750522925
-1.0505187505711426	-2.7291504850469455
-0.40815904404365544	-1.5139954303035483
-0.6704503073186131	-1.1721958038677485
0.07366525716200374	0.5331982605755591
-0.05131754731064506	-2.8162505248986394
-1.6890603330681493	-1.341071409030047
0.3532880979943267	0.2158416182449852
1.5075717527934154	3.9244336609630315
-0.09375229521773451	-1.471039184845396
0.19681103689546098	0.9827518147958842
0.3347119725418142	0.4423837676016624
-0.4582079560122117	0.35135786011480274
0.26173177360547306	0.36787413611154096
-0.6786889088656193	-1.8217081227134981
0.39422729811118773	0.3791951122765404
-0.4037198948352655	-2.082451292066952
-1.9653498911113292	-2.1213012361747614
-1.0125869686213163	-1.246162102234519
-1.5138573381999305	-2.1120720573362632
0.04272265793967296	-1.1025968067632164
-0.6252061774790988	0.9153605408426746
-0.6721167252274197	-0.83348655043758
0.20525946232821643	2.109062875483885
1.1229054469465476	2.163380782419731
0.11431578726048361	-0.2791654959129789
-0.7819261071338446	-1.3003943995075702
-0.4189739189878993	0.712080997259258
0.429334982740111	0.439683168299079
-0.9643930686877966	-0.09956373994789702
-0.5410573904629689	-0.5584189443968027
-0.0852322032241847	0.35004833442463235
-0.5177371184040237	-0.1415117079182172
1.2071140180359121	1.003266728770769
-0.30769803787189526	1.7673864417615328
0.3014527642453728	1.574576050237443
-1.2749545758172738	-2.684423285561783
-0.28235146565558417	-0.5379121469875674
-0.38172831607966967	0.2753203941379303
1.0792504766778868	0.8484159651651337
-0.2730008193672848	-0.6822190916681818
-0.18448252044475816	0.06287666725656996
-0.5868723807553321	-0.7197216210581876
-0.583251966740356	0.6351667668410096
1.0233184480002777	2.1266060559623097
0.9875328276413899	2.5084121322241617
-0.6188708823654044	-0.58108930165787
-0.4980571734202473	-1.21569214117314
2.166128574023958	2.162809889898136
0.8902059099698325	0.31273745894682836
0.35475626093052426	-1.7302014402455763
-0.8762390348104009	-1.2215127460922282
-1.7124499071990031	-3.4138780024408253
-0.03088700686774043	0.8764891162452748
-0.6439289999308773	-0.12976203121859853
0.6475433042454786	1.7842677107289164
-0.893102957223307	-1.488142225736618
-0.2871826181339087	-0.9845725094535247
-2.323853689644304	-3.2937880290938084
0.5590301175928774	1.5302961661400025
-0.556848828642689	-1.8801906565436186
-0.39252167822761896	1.3853141928513852
0.5106805181296241	0.9160873106444457
0.356688938179856	-0.07670883012715535
1.911528222514433	4.059769888438851
-1.071363170361278	-2.8410836684837157
-0.09353543931870532	0.6130301422196777
-0.7303893103906457	-0.9520975978822575
1.0948950950224543	1.3879896251004786
0.8496123857923338	0.6568912734135794
-1.6900256733960852	-3.5869044257914506
0.8371272219792126	1.4599175545309306
1.1830120702140199	0.6115147964273613
0.7184939447281686	0.40161381521941675
0.38819197518497095	1.0686222032709485
0.27667440817497124	0.8500844942885699
0.2329056098314392	0.8159151594349104
0.9419814819852304	-0.0015323244202043451
1.3029131382572174	2.0714982310521224
-0.10908419893586607	0.38987145924160543
0.9907449505825006	1.960725481762368
1.0293913442632747	1.942051837215306
1.5574234571679584	2.6375448601269853
0.8970915747382953	1.7566160550983985
0.40432011611807167	1.7819940814972797
-0.8657161351894521	-1.3174022851716265
0.72310146962802	1.510988270645274
0.5092868330083388	1.6348965453166298
-0.8857339588936572	-2.04332020684518
0.3830795308786595	0.010594620480941286
-0.2544752942562951	-1.8615799743947838
0.5747952790150078	-0.5823565295889371
0.08934453696784155	-0.13492852827862623
0.08067780636952623	-1.0089531659988034
-1.7470362461444842	-2.661858956146829
-1.2327724455858473	-0.7273225716848041
-1.3003120501796328	-1.6916461452730358
-0.19209261744818068	0.17689009689231494
-0.5546997089504367	-2.6116216759780295
-0.8634377697558026	-0.3440131165007242
0.11240307429992995	2.950158777476525
-0.26120805457924134	0.39772347557754417
0.7674225367804288	-0.3333878163227568
-0.023155411304423744	-0.6144762102463381
0.7470517325903441	1.7041953752146648
-0.08188424619409988	-1.6878609499290809
0.03959538266208722	1.1148385205240856
-0.7971726170460833	-0.22998566556585964
0.5075451497935275	-0.05996601474310548
1.5381293617699345	2.7308169066868127
1.0055613094095404	2.5236198632721325
-1.9826661691017744	-2.377654201839141
0.517489463125719	0.2706950850597707
-1.071482456820237	-1.6787440636708786
-0.5351316279555577	-0.8941963115314193
0.43660105834653606	-1.1304897986243978
0.39599730117636744	0.33135696453298896
0.3889397969970504	-1.2666710588501835
-1.1563898196965192	-3.333633490374177
-1.3617134826767716	-3.2541824802626658
-0.3730811373384755	-0.5062284111687712
2.1506189873747967	3.4194399623581373
0.16337775415839953	-0.09421225130033073
2.152355323014749	0.8836539383214612
-0.7764758585040274	-0.04126511509843733
-1.6185305934701901	-1.3176889863399515
0.2775011166893782	1.4239789799606624
0.9692684827901096	0.8039159842221413
-1.8171073515475398	-3.3103019012222648
0.7340888907867746	1.0808617616916278
-0.7552591097053756	-0.5956210579005923
1.0369461436269307	0.5712151665532246
0.43326876557206784	-0.14671256267505484
0.99083338212603	1.3838700634651329
-1.1030711738068557	-0.8000972079048818
-0.18859307799615596	0.457882996196538
-0.30509661883814576	-0.41639595164948595
0.24312226011018437	0.5118045554414352
-1.369580606643654	-1.7849647311428176
-1.7548820893258101	-2.355058844485425
0.260551658565068	2.385471602692481
2.0803374248299997	1.6142751531348662
-0.7177368764262061	-0.041004681297440504
-0.09260384854255914	0.31531481967270597
0.3009293274171124	1.8443164170175421
-1.6686274442575943	-3.59082148244316
0.03003228344167786	2.1121539949687946
0.38359822925787146	0.7730620904185928
-1.0684439256577714	-1.454138826626226
0.5711466123636826	0.7580903986771569
-0.22305521346146884	0.5171287353454419
0.4816386927188462	1.1864006115654129
0.2993467012395814	0.6802568321460924
-0.43087563164562703	-0.12189587472237001
-0.3881075853139107	1.2162988077180765
-0.6432123519541504	-0.5803869323360256
0.3103441629544372	1.4245523186956297
-1.3026163886305262	-1.8624976184635762
-1.7659747980802285	-1.707635008370604
-1.1227821076312172	-3.2053514077190393
0.07820862126030173	-0.9445758258472361
0.2807042352730289	-0.42246824353902546
-0.8435205417793571	-0.33417953998545324
-0.39552943241483757	-0.48532618691531587
-0.750532847357262	-1.8665018627674876
0.19373014150843862	-1.1263102848470794
-0.933602591249793	-1.717235839883798
0.3777755868849964	-0.9339537228868505
-0.6372754456567457	-1.99528136139784
0.16059642390469944	0.8996802957405559
-0.3925649381466072	-1.2067821323378771
-1.2044702697745062	0.006373966998861613
-1.3764928331749735	-0.9308276474029836
-0.27615754338035875	-1.110112517802878
0.6765980422453141	1.3001983734232982
-0.7256837730297754	-0.5557195305947136
-0.20212737192491703	0.6025705087197982
-1.8550067837821662	-3.28764393048547
0.6407478629020905	0.5723747457234718
-2.8713302992075507	-5.726097164398618
-2.172896966636596	-1.83550320356177
2.088061905654002	2.57337551488573
-0.7508638328840297	-1.7196360264960402
-0.5304149310917784	-2.7986912206249244
2.0385245559346066	5.023854434745925
-0.0891654602617382	-0.5320139444427608
-1.7538820585296597	-2.687630915677798
-0.545057377158302	-0.808025485687974
0.2132388821433552	0.4580346285813661
0.24701720531330754	0.3730531547591857
-0.10728939897606417	0.07230557917429807
-0.6723955973661037	-1.7339009603034043
-0.6639740328001449	2.1139453742803287
0.3813411987847612	-0.7155905505078708
0.5781376021191394	0.6521735844972693
1.462515708925921	2.430541332154186
0.6904907887506982	0.7980265023876609
-0.7678612672968089	-1.9734989181544318
0.1660611726449453	0.3095677832080341
-0.5016960526427308	-0.10964226382709863
-0.1951651369508225	-1.406628863342171
2.030924757029991	3.0785179946304786
-0.7262124948498232	0.4086402828475566
1.0913233020708542	2.824715122295716
-0.8851303324784431	-2.2009153325516175
-1.9497514782926577	-2.1753226304068156
-0.039627409223287585	1.8255622002130933
0.34751434878158	2.1751166659446346
1.14529069539407	1.7926663991049974
-0.6704726460332502	-2.085435058738828
-0.3951465525053454	-0.3619246469144496
0.9131515789946705	-0.9680488340138003
-0.28696884853397164	0.1339713780908235
0.4721795175349269	2.133997854107265
1.2156829560171276	2.544584045571144
-0.34349026791719245	-3.309021221674284
-0.5158140969766678	-0.64794586304077
-0.9901123161313324	-1.9916383514993854
-0.5727335857491177	-0.07749156583226757
-0.3434561497360519	-0.9596137426178949
-0.5482926437633084	-0.8106502082642163
0.05457025052393016	-0.18181049684804185
-1.0957666504850645	-1.0707704670332978
1.1415995183227197	2.1880769711068893
1.1678794101595336	1.6073231674726323
3.226191130813202	5.5272675010887635
0.08426409320321014	0.3208305937202289
0.8674990052913503	1.5543175471763102
-0.9693838254964009	-0.17838370967557937
-1.738888604303591	-2.736955375019416
-1.1659729723300283	-1.7408696748687604
0.06672258714937586	-0.714806089729473
-0.17094976398177905	-0.3785597957570514
0.7468668375555063	0.815053151413187
1.2128839183440827	3.078144355376333
1.5204255823137278	1.849829884738689
0.2981130396935001	-0.18888751231268497
-1.3644264248781637	-1.1901069913922948
-1.2602183040981003	-2.963084608269635
1.087502290532377	-0.5179751067113763
0.9936148240773072	1.8073358121135734
0.6089577783235124	-0.061554216534659645
0.21289532199401043	0.2710451441981578
-1.166250501672607	-0.7116480686995708
-1.0348715581195247	0.5222247974045031
1.070763201030382	-0.003202325001580242
-1.9153745581818107	-1.510063331595666
0.7590524384656927	1.212265888319076
0.20550344646313723	-0.4646263785551212
-1.5403015545646601	-1.8202097938514958
0.5929133311747551	2.6317516903366016
0.20540338478276166	1.9695477208089125
-1.0082203935929681	-1.8990596450331436
1.9784901554558005	2.9072911911357417
0.730263107260665	0.06637313391569366
-0.7307146067014209	-1.6809285225089385
-0.1689268319721451	-0.8541928251691036
0.9815998861135141	0.996566862238776
1.2048848408717332	1.6483487004418436
-2.354777168444286	-2.977889408273189
0.20628187406605838	-1.8987744635887813
-0.15612578547843903	0.1891375585471975
-0.5699751731882658	-0.6090553743665506
-2.0590500912510605	-2.121764713443972
-1.1691346329863714	-0.44726139880929794
-0.5440936085893314	0.9266333166129007
1.423975354282893	0.7804944897265558
0.843075226076418	0.9570490279990367
-1.6947695103392182	-3.2089418674893437
0.8459546347665712	0.3532041185565311
-0.6099225225838223	1.1571359655895073
0.23949783103198724	1.0986086475811037
0.9459290029921593	2.3567342411582413
0.4267429485129204	1.6189046485308065
-0.4662538558049265	-0.791849131489645
-0.42270809136030807	-0.9322279140616749
0.1584098630019466	1.9900646718193515
0.5159492801017128	-0.03836891705386203
0.15966459153920307	-0.6675059963905736
-0.1012535031872022	1.332234499404995
-0.2835418340921066	0.25820925473416606
0.6736538627101732	-0.5174600243667955
-0.12756457257492604	-0.13158187089606144
1.2635821046111668	2.0118118801357454
-1.8311605805196571	-3.1015563800701766
-0.2511700778290586	-0.48224637923346575
-1.8431208635140222	-0.9729702422827617
0.19782061460098874	0.18001662904879054
-0.003916347095681982	0.7505815835217751
2.3400132879288496	3.7007179474012037
1.4355615454178274	3.159761425492288
1.37987673009379	1.2936659362051053
0.2646299357389551	0.47526360462579603
0.2501898985026942	0.5175397023136584
-1.12197526434589	-2.625519113553472
0.8276160215463151	2.4181018994721963
-1.832730991827214	-2.7081760039076204
-1.585607521294869	-2.6933385431661656
1.5598465239874642	1.4445339082746633
0.5154333644516504	0.7171982509582189
-0.44321189359272106	-0.6064538470420547
-0.6239247695920607	-1.6723830301289002
-0.28536248140295123	-0.7645924248730026
0.10412811267456988	0.6581816178359661
0.2279551057497094	0.05379028853338358
-0.167806317965403	-0.042491353052162686
-0.06566289149333962	1.5999174709123676
-0.3924357130324145	0.20275997329108075
2.2913417597083585	3.2871989449392105
1.7548461596532952	1.7721034279250056
-0.37825231670695375	-0.466684964551378
-0.4755615864071281	-1.8819233484714073
0.9677380544155927	1.2261416100652438
1.5707072606486356	2.527331825055323
0.02701058640811858	1.7726803151838801
1.9971454277755305	2.041112968550056
0.5957558216110371	0.4317550856844301
-0.810012626755364	-0.886109173307956
-1.103869539146091	-2.435434779116864
0.43670123508145714	-1.1780421635097693
-0.9912382778934558	-0.24215001974080153
-1.6193393890848697	-3.3057736527350885
1.4778205912220652	3.1042577185374816
-0.800620681753782	0.02759733503629036
-0.32010411857472154	0.3784619098586625
-0.293734599194178	-0.5040143758088685
-1.097107458321737	-0.07748978182631672
1.429300710972635	2.571497463943259
0.044385805255614266	-1.2017412694072598
0.9180638752777796	0.7363577057450731
1.0516402819122344	0.2582054977038595
-0.57703523060844	-1.2240842130226959
0.1088460634082922	0.4525294652873054
-1.1326504111247775	0.8555991805974807
-1.4137258877262993	-1.4615261268319637
0.929008280513317	0.6031558386792151
-0.4771641878935857	-1.7261914626738202
-1.4515479199579933	-2.610008168551871
-1.4125486506409672	-1.8492316364393426
-0.8203249586495969	-2.1295291267207936
-0.6252667370843947	-2.4999159715619363
-1.087930386442972	-3.03959152445633
-1.2078932585908952	-2.267581803781813
0.949529275177118	2.150276335210637
0.32615251832895653	0.6081440996921998
0.10606598540660941	2.1672452006120846
-2.2060528383196614	-4.258628020666924
0.9783433599861918	0.8847243596392022
-0.4394409845982057	-1.6019496608445012
0.12236962100944507	-0.7228516773135012
0.4730497487653538	0.8402167393062367
-1.7014782866356175	-2.4154203381198105
-0.2149869500698439	1.4966228625974805
-0.3556047195710705	0.8311639962469152
0.5665863905346864	2.349332440814739
0.6037472007323386	1.2610853826605046
0.1488738633939805	0.6445645896083152
1.7259032183840404	2.5115200881908026
0.5608364486778432	1.7402724750644172
-1.547772159514598	-2.358387751632844
-2.2130484683616696	-3.1805875945264566
-0.2617066254320389	-0.6746427371378465
-0.31670676959333127	-0.34023187720211134
0.6392997618718205	2.183034143655039
0.3098977827316463	1.026904002928831
-2.2073994034011437	-3.2850012570922154
1.210705872187887	2.553396980871261
-0.38782827599475367	-0.8990663106712318
-0.9707128779994377	-0.24782939787757985
0.7348903029369911	0.0004958628497611084
0.1816883337201371	-0.2662121393521683
0.20646421686226754	2.7558270739494732
0.42826579688364425	0.6992039167888809
0.7818799292538618	1.5645533666224367
-0.9936563321693412	-0.5504253257924924
-0.4121418627251707	0.014545147855025586
-0.8707457121917758	-0.7164486854247971
-0.6991613698859925	-0.023051548534227084
0.6939742645425313	-0.23230270788930607
-0.21450681224260792	-1.4290477718769372
0.2264546076326168	1.3573242151582816
1.326332234687585	1.3306647516968755
1.5222032531549288	1.6332713244829347
-1.081781839524619	-1.6317802570957023
-0.5706521468539287	-1.5523608776332394
1.231539337615633	1.084331991893869
-0.011952786893022193	-1.8849684987363684
-0.7994673535451422	-1.6993421080583597
1.4839894667577946	2.965891257693052
-0.4944292574342389	-0.036186941366427416
0.8394695863096053	2.4746447459866596
-1.6080477966881999	-2.2664319028678337
1.0670077250135297	2.2011691651520247
1.2873179706090376	2.271146764357214
0.03667011997196094	0.5775296343214693
-1.6785456665122978	-2.2213241477905172
1.4437261349835062	0.7926082405776729
0.16901859866333574	0.4773111747514839
-0.5028236077205027	-0.5649568939530668
-1.831115081598941	-3.6448770792905827
-1.2520353650542604	-1.5277624130369802
-0.4302175770187859	-1.6784291142176888
0.8009069015377616	3.0410474368517235
-0.7452661241140336	-1.724400514008691
0.30540321766351314	-0.13838463791290823
-0.16979691186538606	-2.4437159764644356
-0.4327813732133024	1.631943896389374
0.2800885352700327	1.5957475682207338
-2.701114365873245	-2.6225493382417087
-1.205361894365828	-3.7491646626935227
-0.1461841790325996	-0.5422237055730854
1.3868615079016728	1.1306419066780484
-0.25823367159223753	-2.555736742775191
0.3463196351856273	0.4152184591028898
-0.9764903475229928	-2.3475353796724017
-0.6735485462805302	-2.8108279531894746
0.10331099064874966	-1.4171762285800507
-1.024952265174097	-2.041153150598728
1.2816889705812862	2.2465683866681943
0.8372904945438958	2.532591650992795
-0.6875912084106672	-1.2273593502608142
0.034542092740284795	0.2417700316166352
0.2555969189968411	1.7397563083423162
-1.0406581553736607	-2.123917692878501
-0.6323942398436815	-2.516458813013551
-1.2373863068643969	-0.15692470170257944
1.3354833048425256	2.621027541395643
0.8963011888052539	2.373732078064546
1.9070060012889432	2.0222982057563605
-0.024327875245453663	-0.1403101270357278
-0.26412116924199197	1.0483823213316894
0.08198319999948897	0.9757955756968479
1.6713390879651036	2.389506450052869
-0.960826080721884	-1.479444699888658
0.10413111391309479	0.9812932625225328
2.100636540821818	2.9148892013025742
0.15776716672296162	0.3883031806035939
-0.26943540874277894	-2.034053401185761
-0.537723551544183	-0.9542900268828391
0.7693135671862116	2.3079720067465335
-0.05478530672202621	0.6849809764540656
-0.3162369618092561	-1.6723198009328646
1.7339200389198735	2.9400092614773152
1.2410951635779535	2.0489842345770035
-2.3135424478372064	-2.669615398195725
-0.7955120803811762	-1.5695481679058016
-0.13172466115103937	1.09359617584537
-2.0754994992651756	-2.3179120842909784
-0.2917882152520948	0.24147800498885857
-0.15426087461716315	0.9015810249242304
0.5084567258136674	0.9615238523797724
-0.9580821406100327	-2.669049725008621
-0.19142320153911138	0.09747608214586911
-0.22936001330754197	-1.7548682327256395
-1.3437570530759535	-0.7157202921427452
-0.09141948253830855	-1.4557511096683093
0.2996647536135199	0.07546876331615959
0.4881256236806111	1.7249570754764498
0.7612891033059287	0.5117063249502742
-0.47869356590013257	0.011054395401383532
0.017531902327258837	0.33478543704677266
-0.6012331566743501	-1.176318485054889
1.8085164264643347	2.3972699589153765
1.6104697304851467	3.1649482024578672
-0.4957435359104042	-1.714617103414738
1.0984301938391372	-0.492247835868993
1.2267840937673138	0.750034161391953
-1.7590387161227101	-0.5414571371775576
-0.6785279103378583	-0.4025470236533438
1.7678158775620751	3.023528844424546
-0.733591993828302	-0.8151237541276134
0.04026409777075649	-0.10687005578594275
0.4828058824486585	1.009504473744965
0.2783864647844097	-0.9404691971381793
-0.42927252791939363	-0.8357796733945626
-0.24822895878368828	0.4974725777379769
-1.4138323329953209	-0.8463406853120266
0.5768464328039197	1.1473719273557064
-0.3602348193986581	0.8324698039113989
-0.39195939012701647	-0.6673159381352366
-2.278164916522983	-3.271407965349669
-0.8525685466355989	-1.2959988398796747
0.06837985579718969	0.9048335453190635
-1.3551495841971135	-1.25477944540906
0.9567665808379471	1.6222915290603832
0.19303985067916946	0.5004314377610882
-1.0433331218006439	-2.6403547358260866
-1.1234332171195627	-1.5830134385678216
1.1159728858757743	1.5301010890690472
-0.6191955689016111	-1.3587216051379747
-2.3254147447251605	-4.209500877313676
-1.358464546588049	-1.3421436219649658
-0.8092983171110559	-0.5250424409291301
0.07084092324548705	0.8479142148119981
0.09402213713642812	-0.4885932150732802
0.23256993721761118	0.21854968930110827
0.08109644387616317	-0.18628060054552414
0.9705652252717406	0.4662951450704529
0.19005949284689538	0.35974865401437034
-0.8296697644892561	-1.1302627061718964
-0.6898593771926839	-1.0498260390746372
0.5609845371871532	0.35945125794692545
0.850989827615268	1.0843314680104528
-1.775393745408444	-1.243351455793712
0.30096000535357553	1.2480278249999732
-0.7642441108997982	-1.8526660860747166
0.49237291335191985	1.1990736410451623
-0.5554228917861435	-0.42980101547879307
-1.239642465200662	-3.6763719839065674
-1.2799045158884557	-1.680763163291183
1.2981604281595083	1.7773556270954445
-0.7315624486387164	0.3652953246938624
0.4193992563978454	0.4573197111412208
1.0915354288454229	4.008043949304834
0.6283684245827763	-0.03602169015452539
-0.42943138775460055	1.219346503682798
-0.46421172282909384	0.20228728696966802
0.2787907749867451	1.5071907574425012
-0.7407503367163887	-0.6038134076182201
0.7730644632035973	0.42712095085546553
-0.18595811006948043	-0.09808014830012064
0.8954834897816315	0.8726799765622645
-0.5090289375774084	0.5340066939778528
0.7819564380739681	1.728809036147585
-0.3516437597622765	-0.49148277466248436
0.3369873229136556	0.4811728912130103
-0.3380545461371071	-1.2022882680804958
0.4190724386915948	4.276810251553571
0.9589902065520441	2.0657909504358187
-0.5430658901586792	-0.44960985825830246
-0.9222135383698921	-0.2972823361908522
-0.16266187689271622	0.28986961586114324
-1.2864115680924277	-1.0042378927766769
0.46598041585756994	2.062597508654441
-0.19392170443750784	1.2526242823887415
0.3591751652624578	-0.2171948392487546
-1.1704958402525276	-3.885067997025838
-0.5813543081689695	-2.591190451251354
0.3852101671079265	0.5236443624945349
-1.4382445517037374	-0.43597603323898193
1.4881863532739417	1.0120637823276255
-0.30307203848910264	-1.9662016047773847
-1.024232454108099	-2.0238411805443386
0.19524594333076262	0.5305646886419227
0.5069840230796765	1.0241601659381112
1.587990745417972	0.983204558856916
1.3851547829260709	0.5712197669179535
1.0111791858913157	3.197767024204057
1.8310634654074158	3.314149099923894
-2.5247586744739534	-2.4855875370684553
-0.4788379721924631	-1.6274849632400525
0.03809973508280192	0.7320809710612086
0.1833297245866615	-0.7449938477860784
0.5088677407809659	2.690781326209209
-0.9934111785876741	-1.5381016072424611
-0.2957374080586227	0.1757451865760083
-1.4069907041119727	-1.8878487887691835
-0.5326107835915815	-1.0473960209918083
0.3248082823270982	0.6582214548243687
0.5918297469871235	0.06469181370321375
0.3666761628499239	0.06069791086469767
1.717468353917411	1.8166380541560025
-0.3136081106609668	-2.1642053261332688
-1.953685143800387	-2.9793561976429874
1.0016467993401095	1.9070754972560735
-0.6815946584990384	-0.49566245526019703
0.24672088273526227	1.8236677920577742
-0.7462581547005235	1.447620659941941
1.238577365128244	2.638220814667395
-1.0018371536332986	-0.8016090585469177
0.5383545032060439	-0.14411654418276154
1.3602541081370905	4.033914912812292
-0.19721133814609304	-1.3210221901480166
-0.9795335542141352	-0.4484002247434107
0.534959885079088	1.5648236641925677
1.3958163532790906	1.8226267701900356
1.5584246220254152	4.125691040114305
-1.7493723808574133	-1.943618796360165
1.000441431733878	2.465357682125332
0.5744427311648067	0.9112924535604721
1.1944110807859343	1.499178602811091
0.9838746826776272	1.0568883541333314
0.9478871713767434	2.429001082380482
-1.900419683420372	-2.9088275469246923
-0.06516019444974522	0.3828516083996075
0.2964770057877257	-0.1907546567974615
0.21966863433319925	-0.03290830328345801
1.1577416530075173	1.7415970810936898
2.5018703722783866	3.34917548560576
-0.17452461456968937	-1.1638804797908315
-0.8474644236603577	-3.6602934349071052
1.1910704106496957	0.7160836492095337
-0.0534154868881274	1.0513831152519584
-1.1504019180470513	-1.578806565757657
-0.5578687908048062	-0.12065444453304341
-1.9170701429641805	-3.430523914252627
-0.6496646348916569	0.1809580413474764
-0.6648070108719234	-0.443646058760002
-0.9196790767604774	-1.7241658614310111
-1.2398617003052401	-1.6286974530978382
-0.014340748862481604	0.050337844859808585
0.5247325676365723	2.9850633956574586
-0.9953616912012045	-1.557063470205145
0.165632203861039	-1.7839095667603768
-0.995912608725349	-3.917670326986038
-1.6219497019696931	-0.04170509337483708
-1.0985618304206002	-0.8049206960015518
0.32081052998860266	0.6026435614985962
-0.6619632915377798	-1.2484382280554702
1.5328314402624486	1.3781103190435064
-0.37972743588542757	-0.8835750058715917
1.6704578790674272	3.7490024150488157
0.35399733735293687	1.5077953570855644
0.9160129256129887	1.6185575063702367
0.49629361545801626	0.24908302924379966
1.3504381529351464	1.2388324208756947
-1.2799328157952383	-2.705575096041393
0.806816852423271	0.2982363250711191
0.17928617847202558	0.9139442082440055
-1.5299226863320319	-2.931726340101639
0.5221409575673193	2.0080858509755437
-0.24994997689283566	0.48544284098783347
-2.225741490376673	-2.386578773641933
0.12638717604612756	0.4072358666446168
-0.9974805251835986	-1.6619762473325195
-0.5675166904040608	-0.9633181061505709
-2.500313502570359	-5.009160055271104
-0.5742327417913428	-2.5252157094340055
0.6150369369220848	1.5348267306462249
0.2239511770670365	0.3867791176765723
1.3172519913885048	1.590543966578026
-0.46012306358805016	-0.7102686874025972
-0.5223939626611699	-0.04431762361288172
1.3852919641560049	1.4855730870513009
1.6595782895188325	3.83692794609774
0.2874486183274596	1.7212449918695136
0.6999184475160429	0.12052379156866799
1.8476807815546734	3.8332913497432797
0.47555477737520885	0.4970374873027569
-0.03651325708263056	-0.6751800554269017
0.2658527951513774	-1.7605046208333548
-0.5573576142289293	-0.8334532836003584
1.727910196028411	1.6957212265798853
-0.6019782457266083	-1.5009688775994066
-0.7908126638581472	-1.0233413990873212
-0.67656142746985	-1.317074241379879
0.9841250185393725	0.8948645426717111
-0.43590588096235383	0.8487350353448356
-0.36636935560639705	0.4208435625123832
1.775449245738539	3.5439286732871977
-0.8715923126026291	-0.7833480383145244
-0.7540176781926923	-0.22148577587077822
0.2879735299977642	1.6259267260922776
0.2694634673819843	-0.7602018775899029
-0.2867363747622439	0.5205550151034719
0.6235072273164153	1.3865179348801135
0.009570678606295287	-0.5346835952971561
-0.02091373705636072	0.9721633316332284
0.2499311538921237	-1.1899893610827075
0.6824245113471643	-0.27820443588798227
2.2778929163178834	4.214249824669173
0.09958231805226725	1.1874200463895996
0.6339448600738072	0.6192425181518304
-0.2333425855966342	0.6176775838510147
0.16382121799895644	-0.38410637341421694
-1.7251296777654122	-2.1127461358371313
0.16024946670330217	1.6425880220894515
0.2997007273519808	0.25612727846604205
-1.9348829999263022	-2.833958214114021
-0.9720126743588313	-1.6826563488114403
-0.4281247577007133	0.0490430501017044
0.6207535468789238	-0.8913644651659436
-0.6652669129661313	-1.789007116863302
-1.5797905988909025	-1.5416555117887043
1.9437243845585768	3.2176590968165315
-0.6351742746212357	-1.0310450647451175
-1.4436911409507378	-2.6563994549327954
0.4779171262006999	1.264420809860295
-1.4291335275088153	-0.21285622846683583
-0.6644120903800529	0.9773225367004453
-0.7543813313369173	-0.3972021515010482
1.3715565197227682	2.9869413547930046
-0.7503206628620651	-1.111980736253467
0.1549412716982263	1.6630560620025208
-0.3890800887330852	-2.437074474457357
-1.2646102948290026	-0.8475489219141769
-0.2780205212835565	1.4088018405067757
-1.6920778201934397	0.3850778686942795
-0.019465587847225577	-1.1182448361565205
0.26038401790474436	0.23788354857141839
1.203644378766192	1.7296668838395273
0.5529396882155174	-0.2412455666050508
0.8614901193725691	1.6423985920177664
1.8525346939940663	4.12284770843468
0.39330283206039834	1.3220919053981963
1.342694071184667	2.815966262936759
-0.3357061297628919	-0.4001451287940469
0.7383463894656819	1.3296606102444375
-1.115350305216777	-0.7688083906910187
-0.512136280715627	-0.6775235471953714
0.032400802944404346	0.35345089708722277
-0.8027740135493004	-1.9210443146853242
1.1004784938383967	2.6973633390586236
-2.038020833946104	-4.2172358735276685
0.1744776475253797	0.021775688042640517
-0.8964736214280312	-2.0872999157402683
-0.07534142802508478	1.6451199944157637
0.3111900924201055	1.3115878079278607
-1.8025564689002356	-2.32127352528223
0.22461502294172297	-1.3361067472895696
-0.4350047207884261	-0.5147836272088806
0.6924693993823537	1.1219991119841746
0.24604626320355572	0.15000562675620044
0.8528357766101183	1.3599669063623623
0.03159674985353416	0.04460615504855159
1.9191209084937113	3.4881760912735102
-0.5593538166320527	1.4020603655908257
0.27748036887172045	2.0972831895458213
0.7663278604730128	1.335282898484714
0.04400400135776253	0.2914069312284259
0.4869696896325372	0.1923824368063345
-1.762559049721394	-2.248631833427456
1.014104769042925	2.281067317000432
0.5807399823522211	0.998572243532442
-1.1317308666593293	-0.5450946924685629
0.5101998934650032	1.597991822956133
-0.2424542087573227	-0.01735577638212185
-0.05365693040356587	0.6614405181883859
0.8559498199794218	1.6086174410878074
-1.077070069844831	-1.5064548985042163
-0.5472552075626039	0.7812058922234095
-2.2981438958006453	-3.6494422319012054
1.9262803148772192	3.652407898826871
-0.8435763904440815	-0.8134531975705824
1.3325927077846795	1.7109936771738747
0.9931669047248364	3.1043536259450857
0.27614912367047373	0.8138013875739734
-0.5534781058497779	-0.24785758584170592
0.3378502280218859	0.11650754850528272
0.6924818826038287	0.32397629920436644
0.4501716016520308	-0.7276413291934949
-0.264942260822919	0.9793026099031763
0.6366193613308515	0.45718457541935054
-1.6370497470186305	-3.4670852048800365
0.007361066931673889	0.0180118490476235
1.0927556921420907	2.049555316754052
0.5096925241199776	1.6521770235027309
0.21449702647817645	0.045143922331363384
0.39548951098261004	0.12924019659150499
-0.2553235374344518	-1.2799791980975066
0.7102875940493151	1.9991919486902994
1.2768626078857526	0.857725981680312
-1.3919075403752124	-1.0647411896298036
0.6109488200542103	-0.4323779073223536
-1.2971435510680274	-2.3709594191966077
0.7379060307430005	2.545541114726557
0.9798305397044111	0.9392575663913324
0.5581338319199045	1.8575217415850354
1.6144375478361834	2.2017992415906145
0.689371892601021	1.386831820860804
-0.5437889893756781	-0.46508302572206994
0.8218967938438563	0.3280689215406408
-0.15004932437019017	-1.0411730828732038
-0.5736681258015977	-0.4721451935569756
-0.7178163291649586	-0.09958322905321326
-0.18420946995777776	0.7980528017704469
-1.0792620921828548	-1.307492685906394
1.595120354154677	2.14347506000981
1.9682750408853036	4.22889966984882
0.2543623167885285	0.6868951932291023
1.6793794751502666	2.0659016856708425
2.10026334735412	2.7229955174922345
0.37261523720504375	1.3587641437242577
0.35278677053480706	0.2294538843661117
-0.8924641980565436	-0.82727073554925
0.7815073824721104	1.2957280895680006
-0.3157166889066167	-0.4251940136883572
0.8452131286225041	2.5239649884270587
-1.1262377937151498	-1.6853103965813536
-0.8687458715806062	-0.5776543768010257
1.1864260850535648	1.6213195442288124
-0.12978928186373548	1.2119510309683281
-1.159722437607418	0.09003300498692823
-0.3894314923643125	-1.9635834132785268
1.8177733711192177	3.671521026780686
0.5154171070366872	-0.13062748521607626
0.002260720006512272	1.1719854614320036
0.2494779911743249	-0.43300560599531046
0.3447515286081615	0.8418792772311411
1.6474730345128255	2.8204405389512055
-0.4022940753476951	-1.790588930249446
1.2545303227868265	1.828795243108049
-0.46439783161436	-1.4518105292494003
-2.078710327395948	-3.383602622579299
-2.294248237120373	-3.387462407960044
-0.9456978258187766	0.11176676499109739
-0.29515077161624353	1.2259412979860778
-0.2893913773050152	0.43062232846648785
-0.4698467179079851	-2.3780895920808938
-0.3002549108257729	0.43029898878975864
-1.2043054904035893	-1.0136056144427357
-2.373650719217817	-2.1149158519018956
0.33341177812809886	1.0989067591155997
0.40511060638950064	0.5455986632608485
1.3934926218380375	0.352230660235928
1.843665101364568	2.798000626031495
-1.9232406959833466	-2.9299468362345453
-1.126745729154777	-3.1354789586298946
-0.5620662748271503	-0.08801211397351993
-0.3054973847553856	-0.717564564225692
-0.7021181231005497	-1.1551780913733096
0.0358736386184039	1.0009575378913909
0.5445458077102362	0.8406958150033483
0.21191844868921575	1.390754886611921
0.15652438418632833	-1.1197171585182
-0.5943899463939685	-2.6203113267127343
-1.4340429345422239	-1.559572733612612
-0.460188188793152	-1.5559239328030805
-0.9197349101298213	-2.8847695656055183
0.5315493939176926	2.650094980984591
-1.6723333121604047	-1.0100236223184993
1.5405573793633962	1.0615932938003827
-0.4114871886442251	-0.3863828983651008
-0.972312492793224	-0.43770782439352973
0.49919348022203963	0.9099365707355108
0.18381503561214468	-0.023453167027307043
0.19140629791997563	0.6826403629197668
-0.6621664907821984	-2.354237450001801
-1.0464162376607178	-1.8170483025279325
1.0920691852380937	-0.0607061918210714
-0.8773202000297046	-3.395559972813583
1.153570962693135	1.628910371452858
0.1774851718716058	1.1215986650393819
-0.43690842084299225	-0.04784692925984074
-1.2061499989519595	-0.9912781396665407
1.9745782729085521	1.3969051446521958
-1.2783064068645018	-2.3545699958730943
-3.19564317016201	-6.168192781617782
-1.2555671963662443	-0.9567918501958481
0.04014898444915563	1.8748822679836414
-0.7216261481386468	-1.1139142709425045
0.04946621119197388	0.16974147880298449
1.4684140403013255	1.5843670632719746
1.1855416289264058	2.2673634398196785
1.1400025536727734	1.7902362175229598
0.859037174704449	0.5124231858070464
0.8544666198190979	1.6168872937792456
0.9346099524696095	-0.6597507468026891
-0.5088471984042734	0.1725231204457922
0.45318935956430273	-0.06662082372783906
-1.7197332909281366	-3.174206832416316
0.21477494259956384	2.215119608953799
-0.4383110203865415	-1.2773935381220591
0.5189820968507978	1.047859479203376
0.23952288891449347	2.690065006462652
0.7950558400990622	2.6602421371464375
-1.3248494118558571	-0.5865731193466319
0.9094853402626818	0.313202201733358
-0.8055744456938989	-1.9487492860939284
0.26793986836220285	-0.5998574505322852
-0.32987544548065695	-1.406887894421305
0.33394284684044145	-1.2238881298991564
1.644614421234819	2.067518144934404
1.4948899587101792	-0.2152847670534439
0.22166680978945988	0.3337945091434029
-0.9645396948314635	-1.270665980792046
-0.29311901828515263	0.02363193184389728
-0.26801603668962704	-0.4693449283593535
-0.1378258357270766	0.31672274418486407
-0.4851323434968238	-0.6864139360570576
-0.829684749955575	-2.8296336236015094
0.0888744315740692	0.7028742194658983
1.9456268641530055	1.8538367623239576
-0.5153612882702153	0.5605441735240762
-2.5869881177870973	-3.4025698569097074
0.14200077851261572	0.37217930529650445
-1.0737778210672988	-3.235946738364351
-1.108086569196836	-2.310832331633696
-0.5120217767629435	-1.0505150229297784
-0.06812056059819102	0.15366646049979443
0.16242832993475004	-0.6418318348645874
-0.2513374109453582	-0.17586415333762698
0.5211280161726507	-0.588206618583627
-0.7743044102342701	-0.5433772945852633
-1.8993059588003787	-3.3060087277030745
1.161755140325242	2.1294391332937153
-0.6270541974565137	-1.1636479467780467
0.13293543012150194	0.2219057542531889
0.6968209235575168	1.4436050384608357
-1.3767894695153846	-0.2977025951504706
-1.3456066624979373	0.6008502189521991
-1.0386281722090909	-1.5380392017992084
0.34071722905768953	0.9451533564609658
-0.17218475678380427	1.4114299180681864
-0.26055662597195983	-0.8202814361689117
1.1550756697774145	3.77790463291495
-0.7370148318452392	-0.7617032656317357
1.6049602800607032	2.5511774371830827
-0.7481479818023844	0.6938687078274961
-0.10221181454388992	-1.4194095231696007
0.18409285164106087	-0.42895563412209303
-0.7182266508133577	-2.2593954864396686
0.21429758955726383	3.5356721259691555
2.245014302796512	4.011433677524277
-1.6914500701891182	-2.9140900085414376
0.46807146118737797	-0.16865839767998148
0.19672621528301898	-0.40850562893658515
0.7053942015707613	0.38095565976116696
-1.8982732299612024	-4.035531445182978
1.943595045799608	3.0504224965875455
-0.06288914637300347	0.8857279908176178
-0.00922981927936157	-0.06447118431892619
0.299065753037059	0.8169431731827931
-0.4308792260592372	-1.1914941399340453
0.4952131294211404	0.24499757865004002
-1.60869256666498	-0.6920158947704262
-0.1469071177673971	-1.0637934467770085
1.7887971624220727	2.100326683404564
1.1565596126160766	1.9997930630400025
1.669033839675486	2.32568351253956
-0.31538931356073696	-1.2460639027221008
-0.8908475538538134	-2.281466617731798
2.2733194190610515	2.9965428341139297
-0.37642873618503186	-1.017115026912665
-0.06012649300456276	0.7055372849361917
-1.654310172622977	-2.4399492303927897
-0.10202476793407785	0.2597201244536968
-2.0150491567404867	-4.750089369701644
-0.1589308661240364	-1.9122386259289907
-0.7767094272024168	-0.5078902854156682
1.341494830428023	1.3410147368220664
1.754317678846173	2.739321757431049
0.7040555571152657	1.777972017592743
-2.4602854742915885	-3.670583511044679
0.6481040272915913	-0.1681955939507287
0.30083618650055427	3.1044210873671356
0.6135037329349491	1.5900304628491875
1.106616417939167	2.101247439693862
0.43880113636319457	1.531044012970864
0.020508676751050933	-0.03662964388585188
-0.7907382044094107	-1.1010760052754358
-0.06208501825999485	-2.202010496575441
0.3343218480875749	2.13566141310383
1.9408273772158886	1.4999661895405891
-0.6574344650868837	-0.5206997249551684
-1.22983551538321	-2.4064335429399724
0.5815703909790235	-0.9889829390269612
0.2898499696933956	0.14111706601633234
0.9809779621317469	1.827220786038022
-1.6075541907342905	-1.678869648092929
-0.23716828088419664	-1.4979844001969582
1.2883139029751087	1.7877137074668066
-0.7647029585533263	-0.3148375402317761
0.5440551784039557	-0.352967214494462
-0.13705926649983938	-0.8030711887582436
0.13092828418600574	3.2154709854117733
-0.057619075512935845	-0.6428287817100808
-2.1480642179247282	-1.6163374952584129
-0.46128170991277023	-1.9462174368691711
0.15234265383894216	-0.1831408183384382
0.4265109795083471	0.4716310591711009
-1.2744379885391186	-1.2710534844262802
-0.9010723575835088	-1.2405061615349944
-0.8758686202427348	-2.19077740148721
-1.9133597951941996	-3.6592650769066974
1.1181602467816223	0.12752562725697492
0.04183389492261074	0.23074524609393784
-0.6316132563203514	-0.8492690768669565
0.0487622607858033	0.4949411839275369
-1.8413932619148659	-3.711294661725832
-0.8839557374338356	-2.8895675463846207
-0.7850867570906932	-1.773183535902911
0.8848392148367143	1.3475314429385183
0.9400465931082784	2.7009431375706234
1.431269050088232	1.3355395418127127
0.06894360625070928	1.1405718979940602
-0.5359376459267552	0.7497240328565558
-0.1442010048594171	-0.627580614989828
1.0163878074950372	0.669247903209816
-1.174017862497914	-2.8779825783715784
-0.5234207718213926	-0.8235436287624696
2.210534038229078	1.2867426041478347
-2.524869953293415	-2.4977130416858127
1.1348948538136634	0.413561802485799
-1.0516023317020229	-2.8106100992588723
-0.6583021987558609	-2.18514787063653
-0.9832194963937388	-2.2719447728299818
-0.19155549893643373	0.7017041811949116
-0.3668340583249743	-0.017515069418385043
0.673108661352746	1.521717601226632
1.971603457421307	3.2420683774392156
-1.001112114965963	0.09345832340821136
1.0619764868922088	1.8938592051727468
-0.7127910280984321	-1.4059854933475466
-1.1393376486170994	-1.5807632115374894
-0.3667717363262514	-0.9177943370402748
-0.49697936835891277	-0.5950242019982308
-1.570323463189332	-2.4064237035181053
1.2589814848252074	2.2383325883413856
-1.268590563586942	-1.0761986029536628
0.412892427667	-0.1085779499695505
-0.3965652935687302	0.18409097301363986
1.0389891944362328	0.8419047052867085
-0.06662326778135494	1.4672296429872331
-1.3393760383940865	-1.3378869928647077
0.8280223069370217	1.8091533314863262
2.1038086713316635	3.8097157381250533
1.31824060102707	1.9979267482069158
0.3009829699764622	-0.5754189527042819
-0.34153250889028397	-0.8212824434219794
-0.8932728230189293	-0.1983439319061896
1.2977737274052588	2.735401789729954
-0.5208290223538639	-1.1931867266818879
-1.1271275002360435	-1.3153076177506928
0.5046284632103891	3.3586305254585684
0.7472854952876793	0.5852479603589786
0.10676785031955982	-0.4595931375486288
0.6988616292440865	0.911525514141173
-1.084818444903856	-2.8216515961503683
0.5343336252957969	0.14634803910068206
-0.2306588257213364	-0.6732888905434964
0.5472521862387403	1.5026532259552074
-0.5835426602819377	-0.8105019151233659
-1.6401672884413068	-2.046098798425979
0.4882251381690737	-0.3419607530515203
-0.37001955750297105	-0.6535036768498135
1.0415919915407092	2.1729719672253176
1.223956829547505	1.0396359686308099
2.075233086975361	1.8979781621905236
-0.6484224195109569	-1.1795267296250262
-0.20555991038083496	-0.8412952069015969
1.0801610540491084	1.416014742347308
0.7908081638440061	1.4938285170746384
0.5968490862663913	2.3416641683062505
0.7740321489081814	-0.3031141593138309
-0.7652823265366332	-0.09465982882062818
-0.5412669731267084	-1.0692332029289848
-0.8498292757630773	0.41039556958418655
-1.9258686569353887	-2.6703567620711857
-0.9501589099860531	-1.296631015703649
-0.7694816831184809	-0.9054411570382728
0.44002100142426803	1.7127161964536386
-0.049988271977964474	2.0603262521623997
-0.3474407155095611	-1.0393367009717338
-0.462819608901895	0.3900232504426199
-0.03308180856724082	0.7214678708110378
-1.176270259766127	-1.4080154118281296
-0.9020867022592561	-0.6451539878591761
-0.018772592286751717	1.7258097547378757
-1.15706497364894	-2.0183668360595535
-0.7268774218511164	-0.9607535507600136
1.2873416459941878	2.4807362153409294
0.6972552774681455	1.0330233171953445
0.48633645617566656	0.6239568361164209
1.3037423797698355	1.6714462424548584
0.9763741657839211	1.4278455320810945
-0.8831998729891374	-1.5853923123933569
-0.13402672714350558	0.15505640558058176
1.069524333921589	3.3660120122623143
1.0029959362405447	2.351122240693959
2.0802840074019335	2.010810257019802
0.5662478941520029	1.6342342622550077
-0.6065803444308943	-1.4278575955032877
-0.7884791569123782	-0.7249905439503967
0.5723222696385603	2.328508158504718
-0.5763664621836195	-0.9070845407309629
0.15108044450000693	1.6180745728271506
-0.1864037216899104	-2.108206212548323
-0.8122578179364318	-1.0539056817902812
-0.9026004368263746	-1.898261107766213
-0.34847927568414194	-0.6053374063702324
-1.3181139633328665	-0.4415543698001563
-0.364205990242951	-1.189197765698892
-0.3600941496019746	-0.711933976435339
-0.3027752085939598	0.5776049317686762
-1.406175896080486	-1.4377507122016653
1.0590867044609433	1.9657464533743125
0.2794359869681243	1.227207227790761
-1.3543768980486441	-0.7430781368255468
-2.5365256689415894	-3.1627767894596213
-0.9194550747156169	-2.390462146509652
-0.7271379841254022	1.7357283756738775
-1.1421542797713675	-0.4732884219217981
0.17158702323832778	0.32611550379290694
0.5572700898420798	-1.0273015863270831
0.9049311911273183	1.714040444164559
0.777365866217488	1.011029009578323
0.8532378306179117	2.4870594520777782
-0.7722841738775673	-2.0851640184231686
0.2217297729882733	1.5391933400308087
-0.880733619439516	-0.08225962485570237
2.257738931676738	4.479654724703927
-1.4634365664114704	-1.4025288392710744
0.10936528484508924	-0.9770355756803466
-0.1486111611493419	0.4543864824338098
0.16238734478354053	1.378505797932993
-1.0658865086578373	-1.8203055837460127
0.07821358506794482	-0.1377929509976506
0.811570472765972	2.047135078203832
0.3933646035662855	0.8305616781198113
-0.9771212546436345	-1.7120790774019272
-0.45109025138383363	-0.14315055162880325
-1.095144304368988	-2.514715134022267
0.9021239000933127	1.06654759637488
-0.9000242739360886	-1.7509390857373504
-0.8136378996562607	-3.6437535843278965
-0.03429539181065136	-0.722574206870928
0.01851830127185757	1.453048954997854
-2.714449885546337	-4.491581173749428
-0.6637863771464275	0.9615268475007063
-0.42171858802729717	-1.1991540030173478
-0.6707344781246758	-1.8197635829150043
0.2158439572688727	1.6093055893648915
0.2658051809733621	1.7495883920804274
-0.01119843499340386	0.6018809772608751
1.820026131228315	2.447458156812043
0.5488711226949403	1.3026690825713472
1.1301960797459687	0.47026203168107283
1.7106559228683464	2.37851390804305
-1.1194815382795784	-0.8481320435689266
0.9460676640982089	2.0018643137469034
-2.0385275494374198	-3.127698230837415
-0.007646161664409031	-0.021676431285786085
-1.9322788043988142	-3.280201339440585
-0.42348101748999134	-0.9847288555814213
-0.3304934660546472	-0.3637969655544295
-0.04428301316412859	1.6738302115269421
1.1245529428920586	-0.10607248145761106
0.5615258034557826	2.2244451244961003
-0.3266721605439177	1.166598574231422
0.7066378851758638	0.5793300789048408
0.19798310215795745	0.013567700789167692
-1.1965055475689563	-1.8280323359825887
-0.17632418588292895	0.44984287141707957
-1.3455065607458168	-2.644405102332238
1.282949368417971	0.37949293388001726
0.9791257915230864	-0.4703286253446548
-0.0415585541007265	0.3419435743506894
0.15821330500806907	-0.5684210005102843
-0.6034390912342226	0.2862110936367481
0.45546564446005194	0.42829010585407634
0.7328100890051242	1.8089799235201964
0.19151547364035656	2.004180390709045
0.25604251716663234	-1.07511291611578
-1.097233966077162	-3.110280940623094
-0.5352464490354828	-0.6939319335400314
0.5982669207116348	1.4444678646080795
-1.0912022473431668	-1.4934748325238296
0.24535246660451	1.090020012751307
-0.6591425615219229	-0.6439403433193172
-2.6009036045988254	-4.051016186349042
0.8715562075283136	1.7850521750986157
0.6901112972086724	1.4354650815875205
1.012108722113302	2.0876168228483576
-0.3893413907290476	-0.5025665874817312
1.0718184622554183	2.3720249394869253
0.11665021215163	0.5705909682658339
-1.0854090863881716	-2.8972381808450614
-0.13976215017239357	-1.2081065127945292
0.14362931782883354	0.046290731851657496
-0.1470833235952621	0.49938888361432343
1.544166895909186	2.662606342222125
-0.42959045978537497	-0.7612825571498769
0.6395017327387348	0.32845801283320153
1.1361082607439192	4.338615635174664
0.26883233550388236	0.4051601820184381
-0.2137589392206379	-0.657979216984381
-1.1364458201854308	-1.9360399780488387
1.24475039901041	1.0930200574099902
0.3844355167505734	1.1231104155515155
-0.35997595466091387	-0.48083427828080655
0.4938741318607963	-0.10395003361268951
0.6863887552777372	-0.9750940279779494
-0.45403416232193394	-2.6208062364173488
0.5074761686231184	0.9554166517301268
-0.11358751371331248	0.7276484832219895
-0.8923864597221948	-1.933572843346686
0.2811423345628303	-0.5229776598707988
-1.3164607312592915	-0.527066731374719
-1.6090774243645427	-0.6956238486223325
-0.33629749451519186	1.4137515225346444
-0.7289721956111597	-1.6130658674955778
0.29861335388846594	0.989042761346385
0.26557853523337505	0.577169370309738
1.484984012229583	2.2150924361834603
-1.1816848057299667	-1.1355629655284176
0.22285301933418683	-0.28394943132238104
-2.333930147785933	-3.380206960772684
-0.5483750661800265	-0.8637436862516228
1.8509715987885083	3.143467925408543
-0.37723619386962276	-1.7561958858082347
0.29130092095595467	-0.04674095994818528
-1.673522568587104	0.018000028072763907
0.5095645117151291	0.05589220061514577
1.386050947336653	3.989723238996364
1.6860019705568101	2.1900733824512058
-0.6469303457157116	0.4578982932010113
-2.3328912164440796	-0.3970180600650193
0.6358683505324689	2.3198158705223006
0.24677028622410693	-1.6815881141063647
-1.9977504376625124	-2.256000880256405
-0.6906630677159882	-1.899349922686027
-1.6306662170738733	-1.5689945106110637
-0.058393444731094604	-1.6276988906197798
0.1447339137462896	0.15926311949778077
-0.2613118505860681	-0.9758602143820855
1.4609022874194275	1.0045428942375898
-1.120613234210167	-0.8982173434922195
-0.9487071431740879	-0.655132701619648
0.28798861926126246	-0.7873782583004935
-0.21219166502404246	-0.5396670839494035
0.4317680352117341	1.4905719454208541
-1.3492548852439379	-1.6191755329059303
-1.0460815821265317	-1.4755442031294157
0.3868046750119605	2.039482565907394
0.6513123349937472	0.365650926366042
0.6279952432713538	1.5899389817990448
0.007106198658752076	-0.35392984242168873
1.873040167803297	2.8368079034458216
0.07985612078994847	0.7258294031297515
-0.6483903629134886	-0.6959957802411724
0.9561798770377166	3.210594573688414
-1.6455018844779572	-1.8601575093191822
-0.28914451348062614	-1.818427340669342
-1.3186447125155314	-2.7248637137736487
-1.9886883047198993	-3.474720306428269
0.6549766659640254	0.6313079886955835
1.4850023640216703	3.127608725657267
0.44080525875255644	1.2639967588112455
-1.0849171908183253	-0.9671767842839107
0.8095865867823676	0.8845416413055867
0.07922491173946075	-0.07987237848884216
-0.21438077802394215	0.7027694743911285
0.3313668647305616	1.9755446609215297
-1.722155554609542	-2.420749338456539
0.8011984444681792	2.982607804956563
-1.048305184538891	-0.792426635934374
-0.09521388942103512	-0.17919694947240444
-0.1389838368194964	0.3079169415219972
0.4752599992302686	1.541263935368
-1.4531694042877639	-1.4143047769923707
-0.9225674494532076	-1.1121636464670013
0.991446712565209	-0.4832615953372843
-1.1891038843565787	-0.9658876540910587
-0.29655076207536324	0.2392164616217634
1.066931679282824	2.241691648878606
-0.12543156757290386	0.28671764441604225
0.14328337043149525	-0.023229021639167513
0.9342980363425571	2.1855672520697187
-0.31330995593014027	-0.7609761502544243
-0.2963873728935844	1.344651261162906
1.026133218917665	2.006573091490939
0.2873478912606174	1.1897664080058252
0.4403041203356052	2.210629726563986
0.24563797023434825	2.1886137002988004
1.0104076768131134	2.227446228549512
1.7465152454488222	2.212625438707809
0.004911410132094784	0.30752405150545054
-1.7950692994943143	-3.491255496852884
0.5255831814209971	-1.4017080243793596
-0.12147925903398675	-0.92018057427977
-0.49490504423039167	-0.713269101159717
-0.637154173165962	-0.4044487833637801
-0.055728529637629226	0.10291968567445328
0.13881281373980928	0.7594047589596098
-1.828840710168106	-2.7200094277589315
-0.3020781641040892	-0.560796071215871
-0.9257485463372882	-1.5223075650210223
1.061441909431532	2.9883163696838198
-1.5425641576308753	-1.6236050426019297
1.000336933512761	0.9815249861114466
-0.223823671500402	0.3778507179204898
-0.03452826998958586	-1.199823026189359
0.1338507149675348	0.35383738202778975
1.1680838701710574	2.7630231053233505
0.675482662595858	1.2851753696653596
1.8677478517645836	1.4907478906957885
-0.10518606628916345	0.19947198260725557
-1.2577647861669314	-1.2420063631134355
-0.0031061075517144305	-2.6687693344368397
-0.34802816386934043	1.0424807532144142
0.30531893865336623	-0.2697858167113725
-1.1350058874220639	-1.65504291874874
-1.8691007780795843	-1.5398964922673075
-0.6971101860290014	-0.34048408395074825
-1.0033295983094066	-2.252134648902615
0.9960471034185739	2.4866617590242766
-0.2163926793738637	1.4805165169911711
1.2518820059003604	3.8159508111243525
0.35027884037232265	-0.3269531894000761
1.2546349067093394	0.6162895018625334
-1.3639372411019	-2.394474285128743
1.9315433456749738	2.7356169874169374
-0.26337245080402055	-0.4541667377220904
0.46886460761349474	0.7896119506044437
0.5172209159805685	2.1847684166523664
0.03731482846314139	-0.7788627639611349
1.3053673379002784	3.052436760339252
-0.5706845132889035	-0.4517624134054458
1.4740021723124186	1.5646622109916688
-0.42074904907403626	-0.9612072919960938
0.4571672981357382	-1.1002304007140316
1.8691426682639927	3.2718438474711915
0.36484728906913283	0.9622494715979617
0.05773483973504536	1.1097126115678408
-0.41774905458195094	-0.26219590810769816
-1.7497795452014806	-1.4359693676031173
-0.6283332505798166	-1.2649402074979679
0.6336999533554839	-0.6512576345899157
1.2180804289997649	3.054886285054845
1.1830456888497543	0.8221444324204488
-0.6855462793496537	-0.5938595736309209
1.174942999395641	2.5338701446206224
-1.0352083602348945	-2.1040594729689763
-0.6342127578989736	-1.9386876743154176
-0.25906424542246553	0.2378516297081777
0.18038982208235202	-0.8937650944153059
0.9666834596658529	1.304180441490543
0.5475329289145563	1.5196696942547891
-0.7270653063429694	-1.84084474722611
0.513973832326071	-0.29328011977545154
-1.1183851030063168	-0.9062394510192061
-1.004061576661134	-2.498257016925237
0.2600623454218305	-0.23821543566554954
0.5296985667003122	0.8841537439210578
0.3683339675192494	2.1508245578990106
0.43208248826767653	2.3320825228549804
-0.5104520330339111	-1.2618113381647174
0.3801415339755588	0.49617012661658855
0.40039256943037455	1.316204700130362
-1.7540217298080703	-2.275467049519249
0.750889423329567	1.3966800679590528
-1.2942161145062672	-2.240470878572466
0.7255413743106758	-0.10897997725621145
1.3074681781053192	1.304654734226669
0.24705918279267358	1.4278725222540203
0.751567235076462	2.8305712123231936
0.31792270843727843	0.6185549665042493
-0.9191398171720596	-2.1928929655463074
-1.5794289433858724	-3.107359002180041
-0.646623732971175	-0.7734232136784862
0.772846609879658	0.5350007740779544
1.1998175310464785	2.124142578311249
1.5051244701311197	0.5902292630407604
-0.7724352655253514	0.12838070027802106
-0.5453575624494402	0.5946961882003452
-2.051317218504046	-1.735475408492149
0.3949020347907695	0.7600010656182029
-0.7851350924921098	-0.8461391006890178
-1.8807968946303455	-3.0509940581960975
0.3578056386980987	1.345063206240031
0.6011401512298521	2.205299217377453
-0.383566849011599	-0.1956827112828992
-0.2210990103423441	0.04763078154197342
-0.4345819994275884	-2.4485549535614926
-1.275470397308017	-1.1320230395873765
0.04696659157492988	2.331046735653016
0.7020899161319032	0.8925814497728052
-0.7720514100792737	-1.275184953426511
0.07252422381961116	0.7490905945801225
-1.069042130694651	-1.5576012393664254
-0.5689910711064563	-1.1061802959513594
0.35523156935162675	0.5699090247212565
-1.2489355609195951	-2.318099297219901
0.018676812035106204	0.9794512062138678
-1.3004076064899204	-2.380984541045953
0.35017383871730096	0.40795498872908204
0.09465301299514771	-0.03249309630579067
1.1518159621320354	2.7712744743508013
1.3684649168797878	2.243197823296838
0.28920640211795484	1.879509273776152
0.3852381936541541	0.9890596551100291
0.571567320067962	-0.7107925241586801
-1.8132569427137353	-2.065796288943086
0.40902402411079575	-0.04134223685736593
-0.5110278643132679	1.2932342077184589
-0.4798598865431116	0.37231149197498403
1.3200851747035114	3.198436055797524
1.166989264623859	1.4549638531398896
-0.3958174071992565	-0.6946877866214082
-0.5904979283877374	-0.7466264471611351
-1.3034027942119337	-1.9544766877776778
-0.14292313990118588	-1.1229367678768025
-0.5459620598386368	2.045381610628425
1.0025575708351688	0.8149952954097495
1.1118865768372046	1.9200413002897796
-0.5350749338100591	-1.520439113988945
1.6556727807461211	0.49771681697101666
-1.300530046634024	-3.4451468530911478
1.3834821273202316	1.618592857946402
-1.6725433988736071	-2.7627779394665613
-1.7217339245291843	-2.3462384470346866
0.9222787152746972	1.1922735129491637
-0.09640000600045015	-1.4703831496632505
1.6950335695223984	1.3805183955103022
-1.2985891222449903	-0.5038275260049538
-0.834828144493102	-1.2848490890036
0.4758432016178533	-0.38207428755808825
0.06867613646382487	0.07844345443379883
0.4904766457470898	1.4455131832602401
-0.6452051458001778	-2.5543863733002294
0.41666720422898706	0.4155730275824804
-0.7796154786704621	-0.9655295972103076
0.3046234109758435	0.7062567177741824
0.7595643828205447	0.7939277145037937
-0.8462349478305256	1.2251459378224065
-0.11205389372188378	1.1949011278893409
1.72840175974694	3.9346316578047733
1.1208387191022144	1.4088602836943984
-0.3104526407940753	1.2283645902376297
0.5592474214671119	1.6688216404051461
-0.34876196348523575	-2.4734301620422023
-0.18556395321906582	0.7769715357894789
-1.441282260004122	-0.9055946926686327
1.7063107938107138	0.8265132933772301
0.29831812812829056	1.2522961122570384
0.11877229485043632	2.3677131651532677
-1.0257377129697118	-0.6673016137821217
-1.0003239688580725	-2.173680806092752
1.9145272201764822	3.918558108041842
0.008567358358242154	0.04976480758018979
1.271633837893073	2.53306706706355
0.5648338139379374	0.13459660479756708
1.078336993636601	2.2019095695204514
-2.7845971319213865	-3.978727246753778
2.1320463134940457	2.592309055546518
0.7137208054054323	2.172493010847135
1.4312869402682646	2.623600025021791
0.6760575477486986	1.0993916116623264
0.7136750862634297	1.845282451239883
1.762790589651835	2.874200351509844
1.2636314797633141	3.0005324515492973
0.8640383732971156	2.1275003631026776
-0.12742451639354027	-1.121990534886047
1.0862759005756866	2.7727906424273505
-0.23484349228930806	-0.8774535669468333
0.1365395510295954	-0.34019354274190805
0.8873435943635398	2.1590317882939045
0.6684260448208064	1.8444843299894838
1.5870511682575241	2.432403112463207
-1.9036773372511475	-2.9903357095408176
1.1378387874374676	0.7234243868782546
-0.6509431216906092	-0.4842974028799999
0.8662982743617674	0.41082170888173875
-1.0682637738698046	-2.7001018341495655
1.2910779560313104	2.5137693937684973
-0.9758465354450155	-0.5552551697436338
-0.46807634732787196	0.2668741963955502
0.6134197939237013	0.46122228885245564
-1.387608681245215	-1.1267683067592205
-0.5963868542707357	-1.5137237513515505
-1.0512176852714206	-1.976602334333133
-2.1399758485251796	-1.5820091951168156
-2.3372908272132	-3.144315666727727
-1.4792918022037642	-1.792024024763746
1.3666363950914056	1.9409861732005327
-0.9805587989707913	-0.8750881284822739
-1.72014745519155	-2.070588598783114
-0.012278072019292893	0.027279384549346725
0.28211876403332453	0.3720733661074903
-0.5342296262317843	0.23083116713805718
-1.1283540719137628	-0.32885233085472443
0.5825188398359168	2.0059260593116797
0.45169924362906855	1.3922150430596043
-0.35066424385797623	-0.09423944805774892
-0.484475230619824	-0.5391932033730706
-1.1388190501794515	0.20873348576231798
1.4077612794065875	1.4290292332923333
-0.0015088429975363038	0.07932323454976417
1.0207548433101687	1.3408095623472973
-1.6735186944313527	-2.3030049477624557
-1.8466219124025636	-1.7797631122696194
-0.15821564367370541	0.5774414322844597
-0.6745434833078815	-2.1277282228714522
-0.9596289397581917	-1.5962470829677162
0.6680329961261628	1.8408069274172902
-1.6460532931109624	-3.260828583219201
-2.518423314898326	-3.112301350970092
-0.876135357289282	-0.8516802959207629
-0.22771590903294325	0.9827193715114708
-0.6519798383613324	-1.2517857323088681
0.273116652599988	-1.0553760146155848
-0.8035910375475369	0.22069154235190935
-1.1942618340398328	-1.0427145037202126
1.2219186543185916	2.8427347419488975
-1.5129881099894862	-2.107100748361642
2.9533053001594984	4.135078274059133
-0.06814414943285102	-1.9749855063013733
-0.6840046578246782	-0.5098135697751613
-0.19372512566628325	0.11670583304430826
0.08820787608898699	2.259936750078209
0.11865156757993794	-0.5208924995556933
-1.5288473718652236	-1.4798936356975556
-2.0248102144783435	-3.506084867902572
1.4365048707687014	2.542320349779453
1.202139651134036	2.5154253653206373
1.9655727175378321	2.6196967557316273
0.6940077292441055	2.784558453479324
-0.8039221704684281	-2.204152787907728
0.6355692067202033	1.905396683280471
1.5302428810067812	2.23738805252494
0.6999523220970678	-0.7932399800135801
0.20646595921060454	0.4483161450499446
0.4081212027844054	-0.23185563491161876
0.3037805881598536	1.154461476213589
-0.9227639182724874	-3.876879015613561
0.5620269795937456	0.20008658158665094
2.073703974325192	3.3377142657388372
-0.0957134257686349	-0.7518007804263556
-0.1709442380907129	-1.401756911126182
0.6212604275480171	0.5178780774043311
0.21831115640592172	0.9398166966917034
0.34648406435393486	1.9983688223548668
0.8253384730396383	2.193682976600205
0.10524303224860118	-1.5197201177581274
1.1750919478055009	2.706705666897104
-0.10219228321428213	0.4781090325244548
-0.05784848838024144	-0.6863235269094848
0.372127676657104	-0.3738916255800987
0.0679886512004458	-1.0049473505944118
1.0897102566713062	0.5777717053309812
-0.8444326492644985	-1.3085545534713585
0.5369924069694891	1.5608963366839417
3.4438420189917673	4.100361705665954
1.6351468610444233	2.8855410807765227
0.18438472792023275	1.5209104808966993
1.503351024551849	3.1447619526710806
0.07778168212497032	0.12031376849290955
1.0183091148727692	2.6957517736196426
0.28189529213112413	-0.16999865723452035
-0.6453867124464339	0.041736877004648676
-1.0456635242260206	0.26900589806027675
-0.8083655477302651	0.5536344300300318
-0.6609430279207485	-0.5964794885633096
-0.2778384907832813	0.7338000349256582
0.2976067778172376	1.7289551908119019
-0.19385161420774177	-0.7242445328415432
3.3276532756739043	3.4951673947756743
-0.9051519463013498	-2.1048444576450267
-1.6825810220770763	-0.792263263261964
1.6160248503130785	1.229704257010654
-0.803503411154393	-0.2857185471079844
-1.7318525787790955	-2.58708225669855
-0.8833956926862271	-0.19515918993732528
0.09336714059896309	-0.761032077274338
0.39272844580358224	1.5348934171114237
1.2533130877314183	2.2739392619470182
1.3102544129575706	1.8933547094972745
0.3225675472741904	0.32240623086615805
-1.233709628782365	-2.243775149918266
-0.4502790323495996	0.20656074752385156
-1.3313451721433522	-2.5375496534758253
-1.0263515879050538	0.505657695724969
0.15387930782246348	1.9328865145289533
1.1630350770958167	1.1979073190272045
-0.0012022913782708292	-1.1665509587260197
-0.9724141184724162	-2.735220615360822
0.1320520580216076	-0.8507540133139603
0.7537240780491392	2.8866553071034846
0.0475272033620811	1.7854190460555825
-1.268164440966158	-2.630483101572781
0.15545461445815925	-0.9767021307951997
-0.3848330832858702	-0.46005184492205675
1.6961956806368785	1.5941915095916974
1.2605065612532416	2.1946780861251725
0.16942993567298592	0.8322162020458923
-1.6937764400681357	-1.636758900674797
0.0017285569572508333	0.07443351873780951
0.2700944844028886	-0.3533532110099983
0.5232987922720098	1.4977579373924288
0.8059819145129837	1.2661904913928435
0.26773886582096834	1.0613870831405485
0.0438321911724643	2.081718126109924
0.11140303882967359	1.111438870745491
0.6031352915210587	-1.3876875032408265
0.517277626329988	1.168209644790286
1.743215906065399	1.627573545332529
1.1900107298644125	1.2313162815337102
0.32821993632270147	-0.8676149155776793
-0.851869195075861	-1.773158008629755
0.13566701956940705	0.8841067292483875
0.6895312414575799	1.8430544467175278
-0.8223076212965076	-0.8705413924208294
1.2576826618785253	3.844965083116632
-0.0212498169979575	0.0006775039826405621
-1.5165310322636378	-1.6786510718805512
-0.31022516713078624	0.6803485253205974
0.2234301293852203	0.6294538300283383
1.5629347887107534	1.3484156089928405
0.3056977010328158	1.0491831728984746
-0.569898207485975	0.1982881583272832
1.455784114093516	2.389571498377429
1.046491713902517	2.087375512800833
-0.7303911418435466	-1.6171179920123828
-0.8828616985917948	-1.5548844347772621
-0.5099937977488764	0.1786266823203435
0.2844911270888955	-0.46273955886940865
0.46951142407281427	0.46692017838766736
1.7597006935613908	0.3605421270308842
-1.9339448224369915	-2.781095193528846
0.0898549707991668	0.13691848006426777
-0.20634215773954748	-0.12013097445441999
0.4112691375011608	1.8681827315533661
-0.1496300821808945	-0.361123256470599
0.5970194614418078	0.48701638924375906
0.6437802573576162	1.4442721777349523
2.9804833852660533	3.4513645991316317
-1.8427057293711473	-3.8759038069878535
0.09068921887816406	0.609340823619952
0.4621173950494983	1.0215989771423621
0.75068452188876	2.2292155286551054
1.0570088490292293	2.4010314073292975
-1.6366621879838024	-1.660227402884697
-0.8826795449418844	-0.9296632994594557
-2.6140781512026137	-4.347528172691501
-1.1246022998464218	-0.19032452807506006
-0.37772636875429055	0.14622598562511968
-0.5228737693943962	-0.34708641197493045
-0.8806606150574674	0.4143759147550474
0.4296834011891957	2.7464584620751276
-0.8498627249398251	-0.19472679852680008
1.7310903938822535	2.333135173172285
-0.38236969591306447	-0.0009537299000370592
1.2544813156643417	1.7805667218545291
0.1512860681238973	-0.8118696716759826
-0.3401958988297937	-0.08201278042860544
1.682483974288544	1.6303611642809799
-0.018884063289367196	0.4903204622702792
0.44449758450409743	0.957592223701591
-1.2406418511213175	-2.076693166959027
1.10998948152035	1.7234479137620042
1.1556290431752239	1.9206878437262622
0.057019723058902884	-1.4421430119290835
0.07512043597854878	-1.01403192094539
2.0367520421442173	3.3246956726618113
0.6251558521403938	0.8162329184415471
-0.3780602553841458	-0.8876937413873097
0.35616937206379573	0.271892095406073
-0.31820664764598555	-1.2268961615491802
-0.0447541458648098	1.743256843974681
-1.0592255389621237	-0.4573873843010464
-1.1269696207915627	-1.0454577430946792
-0.5979708408140559	0.5375807976404099
-0.29374974460478753	-0.4557812302579949
1.4551795588357963	2.547133362162633
0.189695715128809	0.6735377020898609
0.8424456776841532	1.9899451641734442
1.0359851423406004	1.0999520745258218
0.269993260136698	1.0624851232369406
-0.30332769469729315	0.5167130269920392
-0.6547054534132961	-1.9790059235183632
-0.5041990636010334	-2.711457503965717
-1.1851291302212132	-2.078134647400229
1.3239765145498998	4.359725287743088
1.5215716959990742	3.1245004150415276
-0.9752057179359996	-1.0929274601428782
0.6393361635460633	0.8012629957606825
0.11556778273423592	-1.2291589487172905
1.1061270152922875	1.68217349571633
-0.633693031674568	-2.5525527602997995
-1.318636238677734	-2.9576240551047035
-0.2788191451720851	-1.0000383241823358
0.2924700745898707	-0.17740624924061588
-0.29759846027581266	1.2061705901173916
-0.22924948965128747	0.29793328301922595
-0.6601023567062166	0.2157402819470119
0.14383827290338388	0.5502290825186387
-0.9122222968770649	-0.5989996996529902
0.06958497774797749	0.455301911820968
-1.0509672687499938	-4.028405452826266
1.0234557241905538	1.018630401219914
-0.1865615403561715	-1.1085358365449056
0.18585845187805036	-0.09514815065172749
-0.18912993786273102	0.1110368151828981
-0.9592585743617583	-2.224471719241249
1.5822844715019613	1.7283847916215465
-1.0648680035723994	-3.407073057754304
-1.4990412798048935	-1.4844479731505178
0.5850579423304356	2.9311195598960413
0.6615446357967778	1.5237047871074074
0.006424917227321708	1.2989008364696941
-0.6213442221864832	-0.4904558752159308
0.4593332911176743	0.3623629936794111
0.5821551310458984	1.2534950850910813
1.3054467825992446	2.376842893858197
-0.7470579455063301	-1.0021245296794552
-0.5210239575504739	0.2763064033819034
-1.5400547398235782	-2.1539556484970124
-1.5527476024275173	-3.2526688408178237
-1.4453930079145072	-1.4611621612899526
-0.4921025362382097	0.9966467142801814
1.6903194909635597	3.0837012497059795
0.33630186603158235	3.162580045590933
0.5077439862323151	2.232670761785863
-0.1035682922064155	0.34824633853801074
-0.18282665206355908	1.1552652273497535
-1.271328879117817	-2.363573735487953
0.8482497336673732	2.6222942369606357
0.7471545707876155	0.9774948897605232
1.1506393693893118	0.8318359390908918
-1.2674205588206187	-0.33425741383820107
-0.4868079476161828	-0.5543167097227695
0.6027798185757431	0.9959429516531468
-0.12515779220106146	0.402649096316525
0.27118854201204856	-0.18874320178719473
0.06210184864451837	1.1232385312808995
1.2794700585621335	3.8002610807209827
0.1479052079338336	-1.2199312341250457
-0.44634120018976625	-0.16856214434406774
0.3666357000007385	1.394171002536793
0.9222355363892563	1.2539800585311407
1.062711152618379	2.5713820506122205
-1.2288800339499013	-1.1058403612125032
-0.9645794595587245	-1.7066258459413743
-0.43752227867293453	-2.440006692053646
0.7925872400337887	-0.5501761126459668
-0.018904657958054263	0.5138673834111908
-0.364533352981075	-0.07299407203365171
1.8050234517244232	1.3994686719291252
-2.0155482612992897	-3.2755334080028584
1.0017730412157373	0.7895607972480289
-2.075732259908055	-2.539504215897811
0.15533921403609124	-0.8915841774472839
-0.6606929449342266	-0.18225648579592524
0.3466928348184257	0.89513140858857
0.15606205066658269	-0.7590735049513169
-0.8398269502787366	-1.4083235288856844
0.4858532630196824	0.32872176946658926
-0.7710922458157196	-1.1531424410222315
-1.4156986229848247	-0.5650731615452005
0.14646385933985373	0.032648898032259566
-1.7575179897268665	-1.9400954687160699
1.6271066815446389	3.196882582920858
-2.2874216619223597	-4.822378879737179
0.4505018392558217	1.319191526233472
1.021097462419411	3.828073424509748
-0.49639613190537873	-1.0442240753148737
-0.33315579284840346	-2.3610852848344823
0.7962875769378236	0.43143970150420563
-0.5419834270437479	-0.09471040548616794
